0.000000000000 0.000000000000 1.000000000000 0.000000000000 1.000000000000
0.000001000000 0.000000988923 0.977928448262 0.000000988923 0.977928448262
0.000002000000 0.000001956019 0.956342366476 0.000001956019 0.956342366476
0.000003000000 0.000002901766 0.935231185596 0.000002901766 0.935231185596
0.000004000000 0.000003826636 0.914584559604 0.000003826636 0.914584559604
0.000005000000 0.000004731087 0.894392361271 0.000004731087 0.894392361271
0.000006000000 0.000005615569 0.874644677955 0.000005615569 0.874644677955
0.000007000000 0.000006480521 0.855331807462 0.000006480521 0.855331807462
0.000008000000 0.000007326374 0.836444253950 0.000007326374 0.836444253950
0.000009000000 0.000008153548 0.817972723898 0.000008153548 0.817972723898
0.000010000000 0.000008962455 0.799908122123 0.000008962455 0.799908122123
0.000011000000 0.000009753497 0.782241547855 0.000009753497 0.782241547855
0.000012000000 0.000010527068 0.764964290870 0.000010527068 0.764964290870
0.000013000000 0.000011283553 0.748067827679 0.000011283553 0.748067827679
0.000014000000 0.000012023328 0.731543817780 0.000012023328 0.731543817780
0.000015000000 0.000012746762 0.715384099965 0.000012746762 0.715384099965
0.000016000000 0.000013454215 0.699580688683 0.000013454215 0.699580688683
0.000017000000 0.000014146039 0.684125770469 0.000014146039 0.684125770469
0.000018000000 0.000014822580 0.669011700426 0.000014822580 0.669011700426
0.000019000000 0.000015484174 0.654230998771 0.000015484174 0.654230998771
0.000020000000 0.000016131151 0.639776347437 0.000016131151 0.639776347437
0.000021000000 0.000016763833 0.625640586733 0.000016763833 0.625640586733
0.000022000000 0.000017382536 0.611816712066 0.000017382536 0.611816712066
0.000023000000 0.000017987568 0.598297870716 0.000017987568 0.598297870716
0.000024000000 0.000018579231 0.585077358676 0.000018579231 0.585077358676
0.000025000000 0.000019157820 0.572148617543 0.000019157820 0.572148617543
0.000026000000 0.000019723623 0.559505231470 0.000019723623 0.559505231470
0.000027000000 0.000020276923 0.547140924172 0.000020276923 0.547140924172
0.000028000000 0.000020817996 0.535049555986 0.000020817996 0.535049555986
0.000029000000 0.000021347112 0.523225120997 0.000021347112 0.523225120997
0.000030000000 0.000021864533 0.511661744201 0.000021864533 0.511661744201
0.000031000000 0.000022370520 0.500353678740 0.000022370520 0.500353678740
0.000032000000 0.000022865324 0.489295303180 0.000022865324 0.489295303180
0.000033000000 0.000023349192 0.478481118840 0.000023349192 0.478481118840
0.000034000000 0.000023822366 0.467905747185 0.000023822366 0.467905747185
0.000035000000 0.000024285081 0.457563927257 0.000024285081 0.457563927257
0.000036000000 0.000024737570 0.447450513165 0.000024737570 0.447450513165
0.000037000000 0.000025180057 0.437560471619 0.000025180057 0.437560471619
0.000038000000 0.000025612764 0.427888879521 0.000025612764 0.427888879521
0.000039000000 0.000026035906 0.418430921598 0.000026035906 0.418430921598
0.000040000000 0.000026449695 0.409181888083 0.000026449695 0.409181888083
0.000041000000 0.000026854338 0.400137172448 0.000026854338 0.400137172448
0.000042000000 0.000027250036 0.391292269174 0.000027250036 0.391292269174
0.000043000000 0.000027636987 0.382642771579 0.000027636987 0.382642771579
0.000044000000 0.000028015385 0.374184369678 0.000028015385 0.374184369678
0.000045000000 0.000028385419 0.365912848098 0.000028385419 0.365912848098
0.000046000000 0.000028747272 0.357824084023 0.000028747272 0.357824084023
0.000047000000 0.000029101126 0.349914045198 0.000029101126 0.349914045198
0.000048000000 0.000029447158 0.342178787960 0.000029447158 0.342178787960
0.000049000000 0.000029785541 0.334614455317 0.000029785541 0.334614455317
0.000050000000 0.000030116443 0.327217275067 0.000030116443 0.327217275067
0.000051000000 0.000030440030 0.319983557952 0.000030440030 0.319983557952
0.000052000000 0.000030756463 0.312909695859 0.000030756463 0.312909695859
0.000053000000 0.000031065901 0.305992160049 0.000031065901 0.305992160049
0.000054000000 0.000031368499 0.299227499429 0.000031368499 0.299227499429
0.000055000000 0.000031664406 0.292612338863 0.000031664406 0.292612338863
0.000056000000 0.000031953772 0.286143377511 0.000031953772 0.286143377511
0.000057000000 0.000032236741 0.279817387210 0.000032236741 0.279817387210
0.000058000000 0.000032513453 0.273631210886 0.000032513453 0.273631210886
0.000059000000 0.000032784049 0.267581761003 0.000032784049 0.267581761003
0.000060000000 0.000033048661 0.261666018040 0.000033048661 0.261666018040
0.000061000000 0.000033307424 0.255881029004 0.000033307424 0.255881029004
0.000062000000 0.000033560466 0.250223905977 0.000033560466 0.250223905977
0.000063000000 0.000033807914 0.244691824688 0.000033807914 0.244691824688
0.000064000000 0.000034049891 0.239282023121 0.000034049891 0.239282023121
0.000065000000 0.000034286518 0.233991800151 0.000034286518 0.233991800151
0.000066000000 0.000034517913 0.228818514208 0.000034517913 0.228818514208
0.000067000000 0.000034744193 0.223759581973 0.000034744193 0.223759581973
0.000068000000 0.000034965470 0.218812477098 0.000034965470 0.218812477098
0.000069000000 0.000035181854 0.213974728958 0.000035181854 0.213974728958
0.000070000000 0.000035393455 0.209243921428 0.000035393455 0.209243921428
0.000071000000 0.000035600377 0.204617691682 0.000035600377 0.204617691682
0.000072000000 0.000035802724 0.200093729029 0.000035802724 0.200093729029
0.000073000000 0.000036000598 0.195669773763 0.000036000598 0.195669773763
0.000074000000 0.000036194096 0.191343616043 0.000036194096 0.191343616043
0.000075000000 0.000036383317 0.187113094798 0.000036383317 0.187113094798
0.000076000000 0.000036568354 0.182976096655 0.000036568354 0.182976096655
0.000077000000 0.000036749299 0.178930554888 0.000036749299 0.178930554888
0.000078000000 0.000036926245 0.174974448393 0.000036926245 0.174974448393
0.000079000000 0.000037099277 0.171105800684 0.000037099277 0.171105800684
0.000080000000 0.000037268485 0.167322678912 0.000037268485 0.167322678912
0.000081000000 0.000037433951 0.163623192903 0.000037433951 0.163623192903
0.000082000000 0.000037595758 0.160005494219 0.000037595758 0.160005494219
0.000083000000 0.000037753988 0.156467775238 0.000037753988 0.156467775238
0.000084000000 0.000037908720 0.153008268258 0.000037908720 0.153008268258
0.000085000000 0.000038060030 0.149625244612 0.000038060030 0.149625244612
0.000086000000 0.000038207995 0.146317013815 0.000038207995 0.146317013815
0.000087000000 0.000038352689 0.143081922717 0.000038352689 0.143081922717
0.000088000000 0.000038494183 0.139918354683 0.000038494183 0.139918354683
0.000089000000 0.000038632549 0.136824728786 0.000038632549 0.136824728786
0.000090000000 0.000038767855 0.133799499024 0.000038767855 0.133799499024
0.000091000000 0.000038900170 0.130841153544 0.000038900170 0.130841153544
0.000092000000 0.000039029559 0.127948213893 0.000039029559 0.127948213893
0.000093000000 0.000039156088 0.125119234282 0.000039156088 0.125119234282
0.000094000000 0.000039279819 0.122352800862 0.000039279819 0.122352800862
0.000095000000 0.000039400814 0.119647531023 0.000039400814 0.119647531023
0.000096000000 0.000039519134 0.117002072702 0.000039519134 0.117002072702
0.000097000000 0.000039634837 0.114415103711 0.000039634837 0.114415103711
0.000098000000 0.000039747983 0.111885331078 0.000039747983 0.111885331078
0.000099000000 0.000039858627 0.109411490400 0.000039858627 0.109411490400
0.000100000000 0.000039966824 0.106992345214 0.000039966824 0.106992345214
0.000101000000 0.000040072629 0.104626686382 0.000040072629 0.104626686382
0.000102000000 0.000040176095 0.102313331484 0.000040176095 0.102313331484
0.000103000000 0.000040277273 0.100051124232 0.000040277273 0.100051124232
0.000104000000 0.000040376214 0.097838933890 0.000040376214 0.097838933890
0.000105000000 0.000040472967 0.095675654714 0.000040472967 0.095675654714
0.000106000000 0.000040567581 0.093560205394 0.000040567581 0.093560205394
0.000107000000 0.000040660103 0.091491528521 0.000040660103 0.091491528521
0.000108000000 0.000040750579 0.089468590054 0.000040750579 0.089468590054
0.000109000000 0.000040839055 0.087490378809 0.000040839055 0.087490378809
0.000110000000 0.000040925575 0.085555905948 0.000040925575 0.085555905948
0.000111000000 0.000041010181 0.083664204492 0.000041010181 0.083664204492
0.000112000000 0.000041092917 0.081814328833 0.000041092917 0.081814328833
0.000113000000 0.000041173824 0.080005354266 0.000041173824 0.080005354266
0.000114000000 0.000041252941 0.078236376524 0.000041252941 0.078236376524
0.000115000000 0.000041330309 0.076506511328 0.000041330309 0.076506511328
0.000116000000 0.000041405967 0.074814893946 0.000041405967 0.074814893946
0.000117000000 0.000041479952 0.073160678761 0.000041479952 0.073160678761
0.000118000000 0.000041552301 0.071543038846 0.000041552301 0.071543038846
0.000119000000 0.000041623050 0.069961165557 0.000041623050 0.069961165557
0.000120000000 0.000041692235 0.068414268121 0.000041692235 0.068414268121
0.000121000000 0.000041759890 0.066901573250 0.000041759890 0.066901573250
0.000122000000 0.000041826049 0.065422324747 0.000041826049 0.065422324747
0.000123000000 0.000041890745 0.063975783133 0.000041890745 0.063975783133
0.000124000000 0.000041954011 0.062561225276 0.000041954011 0.062561225276
0.000125000000 0.000042015878 0.061177944030 0.000042015878 0.061177944030
0.000126000000 0.000042076377 0.059825247881 0.000042076377 0.059825247881
0.000127000000 0.000042135539 0.058502460603 0.000042135539 0.058502460603
0.000128000000 0.000042193392 0.057208920920 0.000042193392 0.057208920920
0.000129000000 0.000042249966 0.055943982172 0.000042249966 0.055943982172
0.000130000000 0.000042305289 0.054707011999 0.000042305289 0.054707011999
0.000131000000 0.000042359389 0.053497392018 0.000042359389 0.053497392018
0.000132000000 0.000042412293 0.052314517519 0.000042412293 0.052314517519
0.000133000000 0.000042464027 0.051157797160 0.000042464027 0.051157797160
0.000134000000 0.000042514617 0.050026652672 0.000042514617 0.050026652672
0.000135000000 0.000042564088 0.048920518570 0.000042564088 0.048920518570
0.000136000000 0.000042612466 0.047838841873 0.000042612466 0.047838841873
0.000137000000 0.000042659774 0.046781081824 0.000042659774 0.046781081824
0.000138000000 0.000042706036 0.045746709621 0.000042706036 0.045746709621
0.000139000000 0.000042751275 0.044735208154 0.000042751275 0.044735208154
0.000140000000 0.000042795514 0.043746071746 0.000042795514 0.043746071746
0.000141000000 0.000042838775 0.042778805898 0.000042838775 0.042778805898
0.000142000000 0.000042881079 0.041832927046 0.000042881079 0.041832927046
0.000143000000 0.000042922447 0.040907962315 0.000042922447 0.040907962315
0.000144000000 0.000042962901 0.040003449287 0.000042962901 0.040003449287
0.000145000000 0.000043002461 0.039118935766 0.000043002461 0.039118935766
0.000146000000 0.000043041146 0.038253979555 0.000043041146 0.038253979555
0.000147000000 0.000043078975 0.037408148233 0.000043078975 0.037408148233
0.000148000000 0.000043115968 0.036581018939 0.000043115968 0.036581018939
0.000149000000 0.000043152143 0.035772178163 0.000043152143 0.035772178163
0.000150000000 0.000043187519 0.034981221535 0.000043187519 0.034981221535
0.000151000000 0.000043222112 0.034207753627 0.000043222112 0.034207753627
0.000152000000 0.000043255940 0.033451387755 0.000043255940 0.033451387755
0.000153000000 0.000043289020 0.032711745782 0.000043289020 0.032711745782
0.000154000000 0.000043321369 0.031988457932 0.000043321369 0.031988457932
0.000155000000 0.000043353002 0.031281162607 0.000043353002 0.031281162607
0.000156000000 0.000043383936 0.030589506201 0.000043383936 0.030589506201
0.000157000000 0.000043414186 0.029913142927 0.000043414186 0.029913142927
0.000158000000 0.000043443768 0.029251734645 0.000043443768 0.029251734645
0.000159000000 0.000043472695 0.028604950689 0.000043472695 0.028604950689
0.000160000000 0.000043500982 0.027972467706 0.000043500982 0.027972467706
0.000161000000 0.000043528644 0.027353969490 0.000043528644 0.027353969490
0.000162000000 0.000043555695 0.026749146829 0.000043555695 0.026749146829
0.000163000000 0.000043582147 0.026157697347 0.000043582147 0.026157697347
0.000164000000 0.000043608015 0.025579325351 0.000043608015 0.025579325351
0.000165000000 0.000043633310 0.025013741690 0.000043633310 0.025013741690
0.000166000000 0.000043658046 0.024460663603 0.000043658046 0.024460663603
0.000167000000 0.000043682235 0.023919814582 0.000043682235 0.023919814582
0.000168000000 0.000043705890 0.023390924234 0.000043705890 0.023390924234
0.000169000000 0.000043729021 0.022873728142 0.000043729021 0.022873728142
0.000170000000 0.000043751641 0.022367967738 0.000043751641 0.022367967738
0.000171000000 0.000043773761 0.021873390168 0.000043773761 0.021873390168
0.000172000000 0.000043795391 0.021389748172 0.000043795391 0.021389748172
0.000173000000 0.000043816544 0.020916799954 0.000043816544 0.020916799954
0.000174000000 0.000043837229 0.020454309067 0.000043837229 0.020454309067
0.000175000000 0.000043857456 0.020002044289 0.000043857456 0.020002044289
0.000176000000 0.000043877236 0.019559779514 0.000043877236 0.019559779514
0.000177000000 0.000043896579 0.019127293633 0.000043896579 0.019127293633
0.000178000000 0.000043915494 0.018704370425 0.000043915494 0.018704370425
0.000179000000 0.000043933991 0.018290798452 0.000043933991 0.018290798452
0.000180000000 0.000043952078 0.017886370949 0.000043952078 0.017886370949
0.000181000000 0.000043969766 0.017490885726 0.000043969766 0.017490885726
0.000182000000 0.000043987063 0.017104145059 0.000043987063 0.017104145059
0.000183000000 0.000044003977 0.016725955600 0.000044003977 0.016725955600
0.000184000000 0.000044020518 0.016356128272 0.000044020518 0.016356128272
0.000185000000 0.000044036692 0.015994478183 0.000044036692 0.015994478183
0.000186000000 0.000044052509 0.015640824526 0.000044052509 0.015640824526
0.000187000000 0.000044067977 0.015294990492 0.000044067977 0.015294990492
0.000188000000 0.000044083102 0.014956803183 0.000044083102 0.014956803183
0.000189000000 0.000044097893 0.014626093522 0.000044097893 0.014626093522
0.000190000000 0.000044112357 0.014302696172 0.000044112357 0.014302696172
0.000191000000 0.000044126501 0.013986449452 0.000044126501 0.013986449452
0.000192000000 0.000044140332 0.013677195253 0.000044140332 0.013677195253
0.000193000000 0.000044153857 0.013374778965 0.000044153857 0.013374778965
0.000194000000 0.000044167084 0.013079049396 0.000044167084 0.013079049396
0.000195000000 0.000044180017 0.012789858695 0.000044180017 0.012789858695
0.000196000000 0.000044192665 0.012507062282 0.000044192665 0.012507062282
0.000197000000 0.000044205034 0.012230518774 0.000044205034 0.012230518774
0.000198000000 0.000044217129 0.011960089913 0.000044217129 0.011960089913
0.000199000000 0.000044228956 0.011695640499 0.000044228956 0.011695640499
0.000200000000 0.000044240522 0.011437038320 0.000044240522 0.011437038320
0.000201000000 0.000044251832 0.011184154087 0.000044251832 0.011184154087
0.000202000000 0.000044262892 0.010936861373 0.000044262892 0.010936861373
0.000203000000 0.000044273707 0.010695036543 0.000044273707 0.010695036543
0.000204000000 0.000044284284 0.010458558698 0.000044284284 0.010458558698
0.000205000000 0.000044294626 0.010227309609 0.000044294626 0.010227309609
0.000206000000 0.000044304740 0.010001173665 0.000044304740 0.010001173665
0.000207000000 0.000044314630 0.009780037809 0.000044314630 0.009780037809
0.000208000000 0.000044324302 0.009563791484 0.000044324302 0.009563791484
0.000209000000 0.000044333759 0.009352326577 0.000044333759 0.009352326577
0.000210000000 0.000044343008 0.009145537368 0.000044343008 0.009145537368
0.000211000000 0.000044352052 0.008943320472 0.000044352052 0.008943320472
0.000212000000 0.000044360896 0.008745574791 0.000044360896 0.008745574791
0.000213000000 0.000044369545 0.008552201461 0.000044369545 0.008552201461
0.000214000000 0.000044378002 0.008363103807 0.000044378002 0.008363103807
0.000215000000 0.000044386272 0.008178187288 0.000044386272 0.008178187288
0.000216000000 0.000044394360 0.007997359455 0.000044394360 0.007997359455
0.000217000000 0.000044402268 0.007820529905 0.000044402268 0.007820529905
0.000218000000 0.000044410002 0.007647610230 0.000044410002 0.007647610230
0.000219000000 0.000044417565 0.007478513980 0.000044417565 0.007478513980
0.000220000000 0.000044424960 0.007313156615 0.000044424960 0.007313156615
0.000221000000 0.000044432192 0.007151455465 0.000044432192 0.007151455465
0.000222000000 0.000044439264 0.006993329687 0.000044439264 0.006993329687
0.000223000000 0.000044446180 0.006838700227 0.000044446180 0.006838700227
0.000224000000 0.000044452943 0.006687489776 0.000044452943 0.006687489776
0.000225000000 0.000044459556 0.006539622738 0.000044459556 0.006539622738
0.000226000000 0.000044466023 0.006395025187 0.000044466023 0.006395025187
0.000227000000 0.000044472347 0.006253624831 0.000044472347 0.006253624831
0.000228000000 0.000044478532 0.006115350976 0.000044478532 0.006115350976
0.000229000000 0.000044484579 0.005980134494 0.000044484579 0.005980134494
0.000230000000 0.000044490493 0.005847907781 0.000044490493 0.005847907781
0.000231000000 0.000044496276 0.005718604733 0.000044496276 0.005718604733
0.000232000000 0.000044501931 0.005592160702 0.000044501931 0.005592160702
0.000233000000 0.000044507461 0.005468512475 0.000044507461 0.005468512475
0.000234000000 0.000044512869 0.005347598232 0.000044512869 0.005347598232
0.000235000000 0.000044518157 0.005229357523 0.000044518157 0.005229357523
0.000236000000 0.000044523329 0.005113731233 0.000044523329 0.005113731233
0.000237000000 0.000044528386 0.005000661556 0.000044528386 0.005000661556
0.000238000000 0.000044533331 0.004890091961 0.000044533331 0.004890091961
0.000239000000 0.000044538167 0.004781967169 0.000044538167 0.004781967169
0.000240000000 0.000044542895 0.004676233123 0.000044542895 0.004676233123
0.000241000000 0.000044547520 0.004572836963 0.000044547520 0.004572836963
0.000242000000 0.000044552042 0.004471726994 0.000044552042 0.004471726994
0.000243000000 0.000044556464 0.004372852666 0.000044556464 0.004372852666
0.000244000000 0.000044560788 0.004276164548 0.000044560788 0.004276164548
0.000245000000 0.000044565017 0.004181614301 0.000044565017 0.004181614301
0.000246000000 0.000044569152 0.004089154653 0.000044569152 0.004089154653
0.000247000000 0.000044573196 0.003998739380 0.000044573196 0.003998739380
0.000248000000 0.000044577150 0.003910323278 0.000044577150 0.003910323278
0.000249000000 0.000044581017 0.003823862144 0.000044581017 0.003823862144
0.000250000000 0.000044584799 0.003739312751 0.000044584799 0.003739312751
0.000251000000 0.000044588497 0.003656632830 0.000044588497 0.003656632830
0.000252000000 0.000044592113 0.003575781043 0.000044592113 0.003575781043
0.000253000000 0.000044595649 0.003496716970 0.000044595649 0.003496716970
0.000254000000 0.000044599107 0.003419401082 0.000044599107 0.003419401082
0.000255000000 0.000044602488 0.003343794725 0.000044602488 0.003343794725
0.000256000000 0.000044605795 0.003269860100 0.000044605795 0.003269860100
0.000257000000 0.000044609028 0.003197560243 0.000044609028 0.003197560243
0.000258000000 0.000044612190 0.003126859007 0.000044612190 0.003126859007
0.000259000000 0.000044615283 0.003057721046 0.000044615283 0.003057721046
0.000260000000 0.000044618306 0.002990111794 0.000044618306 0.002990111794
0.000261000000 0.000044621263 0.002923997450 0.000044621263 0.002923997450
0.000262000000 0.000044624155 0.002859344959 0.000044624155 0.002859344959
0.000263000000 0.000044626982 0.002796122000 0.000044626982 0.002796122000
0.000264000000 0.000044629748 0.002734296962 0.000044629748 0.002734296962
0.000265000000 0.000044632452 0.002673838938 0.000044632452 0.002673838938
0.000266000000 0.000044635096 0.002614717701 0.000044635096 0.002614717701
0.000267000000 0.000044637681 0.002556903693 0.000044637681 0.002556903693
0.000268000000 0.000044640210 0.002500368010 0.000044640210 0.002500368010
0.000269000000 0.000044642683 0.002445082388 0.000044642683 0.002445082388
0.000270000000 0.000044645101 0.002391019185 0.000044645101 0.002391019185
0.000271000000 0.000044647465 0.002338151373 0.000044647465 0.002338151373
0.000272000000 0.000044649777 0.002286452522 0.000044649777 0.002286452522
0.000273000000 0.000044652038 0.002235896783 0.000044652038 0.002235896783
0.000274000000 0.000044654249 0.002186458882 0.000044654249 0.002186458882
0.000275000000 0.000044656412 0.002138114102 0.000044656412 0.002138114102
0.000276000000 0.000044658526 0.002090838274 0.000044658526 0.002090838274
0.000277000000 0.000044660594 0.002044607760 0.000044660594 0.002044607760
0.000278000000 0.000044662616 0.001999399450 0.000044662616 0.001999399450
0.000279000000 0.000044664593 0.001955190740 0.000044664593 0.001955190740
0.000280000000 0.000044666526 0.001911959529 0.000044666526 0.001911959529
0.000281000000 0.000044668417 0.001869684202 0.000044668417 0.001869684202
0.000282000000 0.000044670266 0.001828343625 0.000044670266 0.001828343625
0.000283000000 0.000044672074 0.001787917130 0.000044672074 0.001787917130
0.000284000000 0.000044673842 0.001748384504 0.000044673842 0.001748384504
0.000285000000 0.000044675571 0.001709725984 0.000044675571 0.001709725984
0.000286000000 0.000044677262 0.001671922243 0.000044677262 0.001671922243
0.000287000000 0.000044678915 0.001634954380 0.000044678915 0.001634954380
0.000288000000 0.000044680532 0.001598803912 0.000044680532 0.001598803912
0.000289000000 0.000044682113 0.001563452768 0.000044682113 0.001563452768
0.000290000000 0.000044683659 0.001528883273 0.000044683659 0.001528883273
0.000291000000 0.000044685171 0.001495078143 0.000044685171 0.001495078143
0.000292000000 0.000044686650 0.001462020479 0.000044686650 0.001462020479
0.000293000000 0.000044688095 0.001429693752 0.000044688095 0.001429693752
0.000294000000 0.000044689509 0.001398081802 0.000044689509 0.001398081802
0.000295000000 0.000044690892 0.001367168823 0.000044690892 0.001367168823
0.000296000000 0.000044692244 0.001336939361 0.000044692244 0.001336939361
0.000297000000 0.000044693566 0.001307378302 0.000044693566 0.001307378302
0.000298000000 0.000044694859 0.001278470868 0.000044694859 0.001278470868
0.000299000000 0.000044696123 0.001250202605 0.000044696123 0.001250202605
0.000300000000 0.000044697359 0.001222559382 0.000044697359 0.001222559382
0.000301000000 0.000044698568 0.001195527379 0.000044698568 0.001195527379
0.000302000000 0.000044699751 0.001169093080 0.000044699751 0.001169093080
0.000303000000 0.000044700907 0.001143243269 0.000044700907 0.001143243269
0.000304000000 0.000044702037 0.001117965023 0.000044702037 0.001117965023
0.000305000000 0.000044703143 0.001093245705 0.000044703143 0.001093245705
0.000306000000 0.000044704224 0.001069072955 0.000044704224 0.001069072955
0.000307000000 0.000044705281 0.001045434689 0.000044705281 0.001045434689
0.000308000000 0.000044706315 0.001022319089 0.000044706315 0.001022319089
0.000309000000 0.000044707326 0.000999714597 0.000044707326 0.000999714597
0.000310000000 0.000044708315 0.000977609913 0.000044708315 0.000977609913
0.000311000000 0.000044709281 0.000955993986 0.000044709281 0.000955993986
0.000312000000 0.000044710227 0.000934856008 0.000044710227 0.000934856008
0.000313000000 0.000044711151 0.000914185412 0.000044711151 0.000914185412
0.000314000000 0.000044712055 0.000893971863 0.000044712055 0.000893971863
0.000315000000 0.000044712939 0.000874205256 0.000044712939 0.000874205256
0.000316000000 0.000044713804 0.000854875709 0.000044713804 0.000854875709
0.000317000000 0.000044714649 0.000835973557 0.000044714649 0.000835973557
0.000318000000 0.000044715476 0.000817489350 0.000044715476 0.000817489350
0.000319000000 0.000044716284 0.000799413848 0.000044716284 0.000799413848
0.000320000000 0.000044717075 0.000781738013 0.000044717075 0.000781738013
0.000321000000 0.000044717848 0.000764453008 0.000044717848 0.000764453008
0.000322000000 0.000044718604 0.000747550191 0.000044718604 0.000747550191
0.000323000000 0.000044719343 0.000731021113 0.000044719343 0.000731021113
0.000324000000 0.000044720066 0.000714857510 0.000044720066 0.000714857510
0.000325000000 0.000044720773 0.000699051299 0.000044720773 0.000699051299
0.000326000000 0.000044721464 0.000683594580 0.000044721464 0.000683594580
0.000327000000 0.000044722140 0.000668479624 0.000044722140 0.000668479624
0.000328000000 0.000044722801 0.000653698874 0.000044722801 0.000653698874
0.000329000000 0.000044723448 0.000639244942 0.000044723448 0.000639244942
0.000330000000 0.000044724080 0.000625110601 0.000044724080 0.000625110601
0.000331000000 0.000044724698 0.000611288784 0.000044724698 0.000611288784
0.000332000000 0.000044725303 0.000597772581 0.000044725303 0.000597772581
0.000333000000 0.000044725894 0.000584555235 0.000044725894 0.000584555235
0.000334000000 0.000044726472 0.000571630137 0.000044726472 0.000571630137
0.000335000000 0.000044727037 0.000558990826 0.000044727037 0.000558990826
0.000336000000 0.000044727590 0.000546630983 0.000044727590 0.000546630983
0.000337000000 0.000044728130 0.000534544429 0.000044728130 0.000534544429
0.000338000000 0.000044728659 0.000522725120 0.000044728659 0.000522725120
0.000339000000 0.000044729176 0.000511167147 0.000044729176 0.000511167147
0.000340000000 0.000044729681 0.000499864734 0.000044729681 0.000499864734
0.000341000000 0.000044730176 0.000488812227 0.000044730176 0.000488812227
0.000342000000 0.000044730659 0.000478004103 0.000044730659 0.000478004103
0.000343000000 0.000044731132 0.000467434957 0.000044731132 0.000467434957
0.000344000000 0.000044731594 0.000457099505 0.000044731594 0.000457099505
0.000345000000 0.000044732046 0.000446992580 0.000044732046 0.000446992580
0.000346000000 0.000044732488 0.000437109130 0.000044732488 0.000437109130
0.000347000000 0.000044732920 0.000427444212 0.000044732920 0.000427444212
0.000348000000 0.000044733343 0.000417992996 0.000044733343 0.000417992996
0.000349000000 0.000044733756 0.000408750755 0.000044733756 0.000408750755
0.000350000000 0.000044734161 0.000399712869 0.000044734161 0.000399712869
0.000351000000 0.000044734556 0.000390874820 0.000044734556 0.000390874820
0.000352000000 0.000044734943 0.000382232189 0.000044734943 0.000382232189
0.000353000000 0.000044735321 0.000373780655 0.000044735321 0.000373780655
0.000354000000 0.000044735690 0.000365515993 0.000044735690 0.000365515993
0.000355000000 0.000044736052 0.000357434071 0.000044736052 0.000357434071
0.000356000000 0.000044736405 0.000349530848 0.000044736405 0.000349530848
0.000357000000 0.000044736751 0.000341802374 0.000044736751 0.000341802374
0.000358000000 0.000044737089 0.000334244783 0.000044737089 0.000334244783
0.000359000000 0.000044737419 0.000326854299 0.000044737419 0.000326854299
0.000360000000 0.000044737742 0.000319627225 0.000044737742 0.000319627225
0.000361000000 0.000044738059 0.000312559949 0.000044738059 0.000312559949
0.000362000000 0.000044738368 0.000305648938 0.000044738368 0.000305648938
0.000363000000 0.000044738670 0.000298890736 0.000044738670 0.000298890736
0.000364000000 0.000044738965 0.000292281965 0.000044738965 0.000292281965
0.000365000000 0.000044739255 0.000285819320 0.000044739255 0.000285819320
0.000366000000 0.000044739537 0.000279499570 0.000044739537 0.000279499570
0.000367000000 0.000044739814 0.000273319557 0.000044739814 0.000273319557
0.000368000000 0.000044740084 0.000267276190 0.000044740084 0.000267276190
0.000369000000 0.000044740348 0.000261366447 0.000044740348 0.000261366447
0.000370000000 0.000044740607 0.000255587375 0.000044740607 0.000255587375
0.000371000000 0.000044740859 0.000249936084 0.000044740859 0.000249936084
0.000372000000 0.000044741107 0.000244409749 0.000044741107 0.000244409749
0.000373000000 0.000044741348 0.000239005606 0.000044741348 0.000239005606
0.000374000000 0.000044741585 0.000233720955 0.000044741585 0.000233720955
0.000375000000 0.000044741816 0.000228553152 0.000044741816 0.000228553152
0.000376000000 0.000044742042 0.000223499614 0.000044742042 0.000223499614
0.000377000000 0.000044742263 0.000218557816 0.000044742263 0.000218557816
0.000378000000 0.000044742479 0.000213725285 0.000044742479 0.000213725285
0.000379000000 0.000044742690 0.000208999606 0.000044742690 0.000208999606
0.000380000000 0.000044742897 0.000204378417 0.000044742897 0.000204378417
0.000381000000 0.000044743099 0.000199859407 0.000044743099 0.000199859407
0.000382000000 0.000044743297 0.000195440317 0.000044743297 0.000195440317
0.000383000000 0.000044743490 0.000191118937 0.000044743490 0.000191118937
0.000384000000 0.000044743679 0.000186893107 0.000044743679 0.000186893107
0.000385000000 0.000044743864 0.000182760715 0.000044743864 0.000182760715
0.000386000000 0.000044744045 0.000178719694 0.000044744045 0.000178719694
0.000387000000 0.000044744221 0.000174768024 0.000044744221 0.000174768024
0.000388000000 0.000044744394 0.000170903729 0.000044744394 0.000170903729
0.000389000000 0.000044744563 0.000167124877 0.000044744563 0.000167124877
0.000390000000 0.000044744728 0.000163429580 0.000044744728 0.000163429580
0.000391000000 0.000044744890 0.000159815990 0.000044744890 0.000159815990
0.000392000000 0.000044745048 0.000156282299 0.000044745048 0.000156282299
0.000393000000 0.000044745203 0.000152826742 0.000044745203 0.000152826742
0.000394000000 0.000044745354 0.000149447591 0.000044745354 0.000149447591
0.000395000000 0.000044745501 0.000146143156 0.000044745501 0.000146143156
0.000396000000 0.000044745646 0.000142911785 0.000044745646 0.000142911785
0.000397000000 0.000044745787 0.000139751864 0.000044745787 0.000139751864
0.000398000000 0.000044745926 0.000136661811 0.000044745926 0.000136661811
0.000399000000 0.000044746061 0.000133640083 0.000044746061 0.000133640083
0.000400000000 0.000044746193 0.000130685167 0.000044746193 0.000130685167
0.000401000000 0.000044746322 0.000127795588 0.000044746322 0.000127795588
0.000402000000 0.000044746448 0.000124969901 0.000044746448 0.000124969901
0.000403000000 0.000044746572 0.000122206692 0.000044746572 0.000122206692
0.000404000000 0.000044746693 0.000119504581 0.000044746693 0.000119504581
0.000405000000 0.000044746811 0.000116862215 0.000044746811 0.000116862215
0.000406000000 0.000044746927 0.000114278276 0.000044746927 0.000114278276
0.000407000000 0.000044747040 0.000111751469 0.000044747040 0.000111751469
0.000408000000 0.000044747150 0.000109280533 0.000044747150 0.000109280533
0.000409000000 0.000044747258 0.000106864232 0.000044747258 0.000106864232
0.000410000000 0.000044747364 0.000104501357 0.000044747364 0.000104501357
0.000411000000 0.000044747467 0.000102190729 0.000044747467 0.000102190729
0.000412000000 0.000044747568 0.000099931190 0.000044747568 0.000099931190
0.000413000000 0.000044747667 0.000097721612 0.000044747667 0.000097721612
0.000414000000 0.000044747764 0.000095560890 0.000044747764 0.000095560890
0.000415000000 0.000044747858 0.000093447944 0.000044747858 0.000093447944
0.000416000000 0.000044747951 0.000091381717 0.000044747951 0.000091381717
0.000417000000 0.000044748041 0.000089361176 0.000044748041 0.000089361176
0.000418000000 0.000044748129 0.000087385312 0.000044748129 0.000087385312
0.000419000000 0.000044748216 0.000085453135 0.000044748216 0.000085453135
0.000420000000 0.000044748300 0.000083563682 0.000044748300 0.000083563682
0.000421000000 0.000044748383 0.000081716005 0.000044748383 0.000081716005
0.000422000000 0.000044748464 0.000079909183 0.000044748464 0.000079909183
0.000423000000 0.000044748543 0.000078142312 0.000044748543 0.000078142312
0.000424000000 0.000044748620 0.000076414508 0.000044748620 0.000076414508
0.000425000000 0.000044748696 0.000074724907 0.000044748696 0.000074724907
0.000426000000 0.000044748770 0.000073072665 0.000044748770 0.000073072665
0.000427000000 0.000044748842 0.000071456956 0.000044748842 0.000071456956
0.000428000000 0.000044748912 0.000069876971 0.000044748912 0.000069876971
0.000429000000 0.000044748982 0.000068331922 0.000044748982 0.000068331922
0.000430000000 0.000044749049 0.000066821035 0.000044749049 0.000066821035
0.000431000000 0.000044749115 0.000065343556 0.000044749115 0.000065343556
0.000432000000 0.000044749180 0.000063898745 0.000044749180 0.000063898745
0.000433000000 0.000044749243 0.000062485880 0.000044749243 0.000062485880
0.000434000000 0.000044749305 0.000061104255 0.000044749305 0.000061104255
0.000435000000 0.000044749365 0.000059753179 0.000044749365 0.000059753179
0.000436000000 0.000044749424 0.000058431977 0.000044749424 0.000058431977
0.000437000000 0.000044749482 0.000057139988 0.000044749482 0.000057139988
0.000438000000 0.000044749539 0.000055876566 0.000044749539 0.000055876566
0.000439000000 0.000044749594 0.000054641079 0.000044749594 0.000054641079
0.000440000000 0.000044749648 0.000053432911 0.000044749648 0.000053432911
0.000441000000 0.000044749701 0.000052251456 0.000044749701 0.000052251456
0.000442000000 0.000044749752 0.000051096124 0.000044749752 0.000051096124
0.000443000000 0.000044749803 0.000049966338 0.000044749803 0.000049966338
0.000444000000 0.000044749852 0.000048861533 0.000044749852 0.000048861533
0.000445000000 0.000044749901 0.000047781156 0.000044749901 0.000047781156
0.000446000000 0.000044749948 0.000046724667 0.000044749948 0.000046724667
0.000447000000 0.000044749994 0.000045691538 0.000044749994 0.000045691538
0.000448000000 0.000044750039 0.000044681253 0.000044750039 0.000044681253
0.000449000000 0.000044750084 0.000043693306 0.000044750084 0.000043693306
0.000450000000 0.000044750127 0.000042727203 0.000044750127 0.000042727203
0.000451000000 0.000044750169 0.000041782462 0.000044750169 0.000041782462
0.000452000000 0.000044750210 0.000040858610 0.000044750210 0.000040858610
0.000453000000 0.000044750251 0.000039955186 0.000044750251 0.000039955186
0.000454000000 0.000044750290 0.000039071737 0.000044750290 0.000039071737
0.000455000000 0.000044750329 0.000038207822 0.000044750329 0.000038207822
0.000456000000 0.000044750367 0.000037363009 0.000044750367 0.000037363009
0.000457000000 0.000044750404 0.000036536876 0.000044750404 0.000036536876
0.000458000000 0.000044750440 0.000035729009 0.000044750440 0.000035729009
0.000459000000 0.000044750475 0.000034939005 0.000044750475 0.000034939005
0.000460000000 0.000044750510 0.000034166469 0.000044750510 0.000034166469
0.000461000000 0.000044750543 0.000033411014 0.000044750543 0.000033411014
0.000462000000 0.000044750576 0.000032672264 0.000044750576 0.000032672264
0.000463000000 0.000044750609 0.000031949847 0.000044750609 0.000031949847
0.000464000000 0.000044750640 0.000031243405 0.000044750640 0.000031243405
0.000465000000 0.000044750671 0.000030552582 0.000044750671 0.000030552582
0.000466000000 0.000044750701 0.000029877034 0.000044750701 0.000029877034
0.000467000000 0.000044750731 0.000029216423 0.000044750731 0.000029216423
0.000468000000 0.000044750760 0.000028570419 0.000044750760 0.000028570419
0.000469000000 0.000044750788 0.000027938698 0.000044750788 0.000027938698
0.000470000000 0.000044750816 0.000027320946 0.000044750816 0.000027320946
0.000471000000 0.000044750843 0.000026716853 0.000044750843 0.000026716853
0.000472000000 0.000044750869 0.000026126117 0.000044750869 0.000026126117
0.000473000000 0.000044750895 0.000025548442 0.000044750895 0.000025548442
0.000474000000 0.000044750920 0.000024983541 0.000044750920 0.000024983541
0.000475000000 0.000044750945 0.000024431130 0.000044750945 0.000024431130
0.000476000000 0.000044750969 0.000023890933 0.000044750969 0.000023890933
0.000477000000 0.000044750993 0.000023362681 0.000044750993 0.000023362681
0.000478000000 0.000044751016 0.000022846109 0.000044751016 0.000022846109
0.000479000000 0.000044751038 0.000022340959 0.000044751038 0.000022340959
0.000480000000 0.000044751061 0.000021846978 0.000044751061 0.000021846978
0.000481000000 0.000044751082 0.000021363919 0.000044751082 0.000021363919
0.000482000000 0.000044751103 0.000020891542 0.000044751103 0.000020891542
0.000483000000 0.000044751124 0.000020429609 0.000044751124 0.000020429609
0.000484000000 0.000044751144 0.000019977890 0.000044751144 0.000019977890
0.000485000000 0.000044751164 0.000019536159 0.000044751164 0.000019536159
0.000486000000 0.000044751183 0.000019104195 0.000044751183 0.000019104195
0.000487000000 0.000044751202 0.000018681782 0.000044751202 0.000018681782
0.000488000000 0.000044751221 0.000018268710 0.000044751221 0.000018268710
0.000489000000 0.000044751239 0.000017864770 0.000044751239 0.000017864770
0.000490000000 0.000044751256 0.000017469762 0.000044751256 0.000017469762
0.000491000000 0.000044751274 0.000017083489 0.000044751274 0.000017083489
0.000492000000 0.000044751291 0.000016705756 0.000044751291 0.000016705756
0.000493000000 0.000044751307 0.000016336375 0.000044751307 0.000016336375
0.000494000000 0.000044751323 0.000015975161 0.000044751323 0.000015975161
0.000495000000 0.000044751339 0.000015621935 0.000044751339 0.000015621935
0.000496000000 0.000044751354 0.000015276518 0.000044751354 0.000015276518
0.000497000000 0.000044751370 0.000014938739 0.000044751370 0.000014938739
0.000498000000 0.000044751384 0.000014608429 0.000044751384 0.000014608429
0.000499000000 0.000044751399 0.000014285422 0.000044751399 0.000014285422
0.000500000000 0.000044751413 0.000013969557 0.000044751413 0.000013969557
0.000501000000 0.000044751427 0.000013660676 0.000044751427 0.000013660676
0.000502000000 0.000044751440 0.000013358625 0.000044751440 0.000013358625
0.000503000000 0.000044751453 0.000013063253 0.000044751453 0.000013063253
0.000504000000 0.000044751466 0.000012774411 0.000044751466 0.000012774411
0.000505000000 0.000044751479 0.000012491956 0.000044751479 0.000012491956
0.000506000000 0.000044751491 0.000012215747 0.000044751491 0.000012215747
0.000507000000 0.000044751503 0.000011945644 0.000044751503 0.000011945644
0.000508000000 0.000044751515 0.000011681514 0.000044751515 0.000011681514
0.000509000000 0.000044751527 0.000011423224 0.000044751527 0.000011423224
0.000510000000 0.000044751538 0.000011170645 0.000044751538 0.000011170645
0.000511000000 0.000044751549 0.000010923651 0.000044751549 0.000010923651
0.000512000000 0.000044751560 0.000010682119 0.000044751560 0.000010682119
0.000513000000 0.000044751570 0.000010445926 0.000044751570 0.000010445926
0.000514000000 0.000044751581 0.000010214956 0.000044751581 0.000010214956
0.000515000000 0.000044751591 0.000009989094 0.000044751591 0.000009989094
0.000516000000 0.000044751601 0.000009768225 0.000044751601 0.000009768225
0.000517000000 0.000044751610 0.000009552240 0.000044751610 0.000009552240
0.000518000000 0.000044751620 0.000009341030 0.000044751620 0.000009341030
0.000519000000 0.000044751629 0.000009134491 0.000044751629 0.000009134491
0.000520000000 0.000044751638 0.000008932518 0.000044751638 0.000008932518
0.000521000000 0.000044751647 0.000008735011 0.000044751647 0.000008735011
0.000522000000 0.000044751656 0.000008541871 0.000044751656 0.000008541871
0.000523000000 0.000044751664 0.000008353002 0.000044751664 0.000008353002
0.000524000000 0.000044751672 0.000008168309 0.000044751672 0.000008168309
0.000525000000 0.000044751680 0.000007987699 0.000044751680 0.000007987699
0.000526000000 0.000044751688 0.000007811084 0.000044751688 0.000007811084
0.000527000000 0.000044751696 0.000007638373 0.000044751696 0.000007638373
0.000528000000 0.000044751704 0.000007469481 0.000044751704 0.000007469481
0.000529000000 0.000044751711 0.000007304323 0.000044751711 0.000007304323
0.000530000000 0.000044751718 0.000007142817 0.000044751718 0.000007142817
0.000531000000 0.000044751725 0.000006984882 0.000044751725 0.000006984882
0.000532000000 0.000044751732 0.000006830440 0.000044751732 0.000006830440
0.000533000000 0.000044751739 0.000006679412 0.000044751739 0.000006679412
0.000534000000 0.000044751746 0.000006531723 0.000044751746 0.000006531723
0.000535000000 0.000044751752 0.000006387301 0.000044751752 0.000006387301
0.000536000000 0.000044751758 0.000006246071 0.000044751758 0.000006246071
0.000537000000 0.000044751764 0.000006107964 0.000044751764 0.000006107964
0.000538000000 0.000044751771 0.000005972911 0.000044751771 0.000005972911
0.000539000000 0.000044751776 0.000005840844 0.000044751776 0.000005840844
0.000540000000 0.000044751782 0.000005711697 0.000044751782 0.000005711697
0.000541000000 0.000044751788 0.000005585406 0.000044751788 0.000005585406
0.000542000000 0.000044751793 0.000005461907 0.000044751793 0.000005461907
0.000543000000 0.000044751799 0.000005341139 0.000044751799 0.000005341139
0.000544000000 0.000044751804 0.000005223041 0.000044751804 0.000005223041
0.000545000000 0.000044751809 0.000005107554 0.000044751809 0.000005107554
0.000546000000 0.000044751814 0.000004994621 0.000044751814 0.000004994621
0.000547000000 0.000044751819 0.000004884185 0.000044751819 0.000004884185
0.000548000000 0.000044751824 0.000004776191 0.000044751824 0.000004776191
0.000549000000 0.000044751829 0.000004670585 0.000044751829 0.000004670585
0.000550000000 0.000044751833 0.000004567313 0.000044751833 0.000004567313
0.000551000000 0.000044751838 0.000004466325 0.000044751838 0.000004466325
0.000552000000 0.000044751842 0.000004367571 0.000044751842 0.000004367571
0.000553000000 0.000044751847 0.000004270999 0.000044751847 0.000004270999
0.000554000000 0.000044751851 0.000004176563 0.000044751851 0.000004176563
0.000555000000 0.000044751855 0.000004084215 0.000044751855 0.000004084215
0.000556000000 0.000044751859 0.000003993909 0.000044751859 0.000003993909
0.000557000000 0.000044751863 0.000003905600 0.000044751863 0.000003905600
0.000558000000 0.000044751867 0.000003819243 0.000044751867 0.000003819243
0.000559000000 0.000044751871 0.000003734796 0.000044751871 0.000003734796
0.000560000000 0.000044751874 0.000003652216 0.000044751874 0.000003652216
0.000561000000 0.000044751878 0.000003571462 0.000044751878 0.000003571462
0.000562000000 0.000044751881 0.000003492493 0.000044751881 0.000003492493
0.000563000000 0.000044751885 0.000003415271 0.000044751885 0.000003415271
0.000564000000 0.000044751888 0.000003339756 0.000044751888 0.000003339756
0.000565000000 0.000044751892 0.000003265910 0.000044751892 0.000003265910
0.000566000000 0.000044751895 0.000003193698 0.000044751895 0.000003193698
0.000567000000 0.000044751898 0.000003123082 0.000044751898 0.000003123082
0.000568000000 0.000044751901 0.000003054027 0.000044751901 0.000003054027
0.000569000000 0.000044751904 0.000002986500 0.000044751904 0.000002986500
0.000570000000 0.000044751907 0.000002920465 0.000044751907 0.000002920465
0.000571000000 0.000044751910 0.000002855891 0.000044751910 0.000002855891
0.000572000000 0.000044751913 0.000002792744 0.000044751913 0.000002792744
0.000573000000 0.000044751916 0.000002730994 0.000044751916 0.000002730994
0.000574000000 0.000044751918 0.000002670609 0.000044751918 0.000002670609
0.000575000000 0.000044751921 0.000002611559 0.000044751921 0.000002611559
0.000576000000 0.000044751923 0.000002553815 0.000044751923 0.000002553815
0.000577000000 0.000044751926 0.000002497348 0.000044751926 0.000002497348
0.000578000000 0.000044751928 0.000002442129 0.000044751928 0.000002442129
0.000579000000 0.000044751931 0.000002388131 0.000044751931 0.000002388131
0.000580000000 0.000044751933 0.000002335327 0.000044751933 0.000002335327
0.000581000000 0.000044751936 0.000002283691 0.000044751936 0.000002283691
0.000582000000 0.000044751938 0.000002233196 0.000044751938 0.000002233196
0.000583000000 0.000044751940 0.000002183818 0.000044751940 0.000002183818
0.000584000000 0.000044751942 0.000002135531 0.000044751942 0.000002135531
0.000585000000 0.000044751944 0.000002088313 0.000044751944 0.000002088313
0.000586000000 0.000044751946 0.000002042138 0.000044751946 0.000002042138
0.000587000000 0.000044751948 0.000001996984 0.000044751948 0.000001996984
0.000588000000 0.000044751950 0.000001952829 0.000044751950 0.000001952829
0.000589000000 0.000044751952 0.000001909650 0.000044751952 0.000001909650
0.000590000000 0.000044751954 0.000001867426 0.000044751954 0.000001867426
0.000591000000 0.000044751956 0.000001826135 0.000044751956 0.000001826135
0.000592000000 0.000044751958 0.000001785757 0.000044751958 0.000001785757
0.000593000000 0.000044751960 0.000001746273 0.000044751960 0.000001746273
0.000594000000 0.000044751961 0.000001707661 0.000044751961 0.000001707661
0.000595000000 0.000044751963 0.000001669903 0.000044751963 0.000001669903
0.000596000000 0.000044751965 0.000001632979 0.000044751965 0.000001632979
0.000597000000 0.000044751966 0.000001596873 0.000044751966 0.000001596873
0.000598000000 0.000044751968 0.000001561564 0.000044751968 0.000001561564
0.000599000000 0.000044751969 0.000001527036 0.000044751969 0.000001527036
0.000600000000 0.000044751971 0.000001493272 0.000044751971 0.000001493272
0.000601000000 0.000044751972 0.000001460254 0.000044751972 0.000001460254
0.000602000000 0.000044751974 0.000001427967 0.000044751974 0.000001427967
0.000603000000 0.000044751975 0.000001396393 0.000044751975 0.000001396393
0.000604000000 0.000044751977 0.000001365517 0.000044751977 0.000001365517
0.000605000000 0.000044751978 0.000001335324 0.000044751978 0.000001335324
0.000606000000 0.000044751979 0.000001305799 0.000044751979 0.000001305799
0.000607000000 0.000044751981 0.000001276927 0.000044751981 0.000001276927
0.000608000000 0.000044751982 0.000001248692 0.000044751982 0.000001248692
0.000609000000 0.000044751983 0.000001221083 0.000044751983 0.000001221083
0.000610000000 0.000044751984 0.000001194083 0.000044751984 0.000001194083
0.000611000000 0.000044751985 0.000001167681 0.000044751985 0.000001167681
0.000612000000 0.000044751987 0.000001141862 0.000044751987 0.000001141862
0.000613000000 0.000044751988 0.000001116615 0.000044751988 0.000001116615
0.000614000000 0.000044751989 0.000001091925 0.000044751989 0.000001091925
0.000615000000 0.000044751990 0.000001067782 0.000044751990 0.000001067782
0.000616000000 0.000044751991 0.000001044172 0.000044751991 0.000001044172
0.000617000000 0.000044751992 0.000001021084 0.000044751992 0.000001021084
0.000618000000 0.000044751993 0.000000998507 0.000044751993 0.000000998507
0.000619000000 0.000044751994 0.000000976429 0.000044751994 0.000000976429
0.000620000000 0.000044751995 0.000000954839 0.000044751995 0.000000954839
0.000621000000 0.000044751996 0.000000933727 0.000044751996 0.000000933727
0.000622000000 0.000044751997 0.000000913081 0.000044751997 0.000000913081
0.000623000000 0.000044751998 0.000000892892 0.000044751998 0.000000892892
0.000624000000 0.000044751999 0.000000873149 0.000044751999 0.000000873149
0.000625000000 0.000044751999 0.000000853843 0.000044751999 0.000000853843
0.000626000000 0.000044752000 0.000000834964 0.000044752000 0.000000834964
0.000627000000 0.000044752001 0.000000816502 0.000044752001 0.000000816502
0.000628000000 0.000044752002 0.000000798448 0.000044752002 0.000000798448
0.000629000000 0.000044752003 0.000000780794 0.000044752003 0.000000780794
0.000630000000 0.000044752004 0.000000763530 0.000044752004 0.000000763530
0.000631000000 0.000044752004 0.000000746647 0.000044752004 0.000000746647
0.000632000000 0.000044752005 0.000000730138 0.000044752005 0.000000730138
0.000633000000 0.000044752006 0.000000713994 0.000044752006 0.000000713994
0.000634000000 0.000044752006 0.000000698207 0.000044752006 0.000000698207
0.000635000000 0.000044752007 0.000000682769 0.000044752007 0.000000682769
0.000636000000 0.000044752008 0.000000667672 0.000044752008 0.000000667672
0.000637000000 0.000044752008 0.000000652909 0.000044752008 0.000000652909
0.000638000000 0.000044752009 0.000000638473 0.000044752009 0.000000638473
0.000639000000 0.000044752010 0.000000624355 0.000044752010 0.000000624355
0.000640000000 0.000044752010 0.000000610550 0.000044752010 0.000000610550
0.000641000000 0.000044752011 0.000000597050 0.000044752011 0.000000597050
0.000642000000 0.000044752012 0.000000583849 0.000044752012 0.000000583849
0.000643000000 0.000044752012 0.000000570940 0.000044752012 0.000000570940
0.000644000000 0.000044752013 0.000000558316 0.000044752013 0.000000558316
0.000645000000 0.000044752013 0.000000545971 0.000044752013 0.000000545971
0.000646000000 0.000044752014 0.000000533899 0.000044752014 0.000000533899
0.000647000000 0.000044752014 0.000000522094 0.000044752014 0.000000522094
0.000648000000 0.000044752015 0.000000510550 0.000044752015 0.000000510550
0.000649000000 0.000044752015 0.000000499261 0.000044752015 0.000000499261
0.000650000000 0.000044752016 0.000000488222 0.000044752016 0.000000488222
0.000651000000 0.000044752016 0.000000477427 0.000044752016 0.000000477427
0.000652000000 0.000044752017 0.000000466870 0.000044752017 0.000000466870
0.000653000000 0.000044752017 0.000000456547 0.000044752017 0.000000456547
0.000654000000 0.000044752018 0.000000446453 0.000044752018 0.000000446453
0.000655000000 0.000044752018 0.000000436581 0.000044752018 0.000000436581
0.000656000000 0.000044752019 0.000000426928 0.000044752019 0.000000426928
0.000657000000 0.000044752019 0.000000417488 0.000044752019 0.000000417488
0.000658000000 0.000044752019 0.000000408257 0.000044752019 0.000000408257
0.000659000000 0.000044752020 0.000000399230 0.000044752020 0.000000399230
0.000660000000 0.000044752020 0.000000390403 0.000044752020 0.000000390403
0.000661000000 0.000044752021 0.000000381770 0.000044752021 0.000000381770
0.000662000000 0.000044752021 0.000000373329 0.000044752021 0.000000373329
0.000663000000 0.000044752021 0.000000365074 0.000044752021 0.000000365074
0.000664000000 0.000044752022 0.000000357002 0.000044752022 0.000000357002
0.000665000000 0.000044752022 0.000000349109 0.000044752022 0.000000349109
0.000666000000 0.000044752022 0.000000341389 0.000044752022 0.000000341389
0.000667000000 0.000044752023 0.000000333841 0.000044752023 0.000000333841
0.000668000000 0.000044752023 0.000000326459 0.000044752023 0.000000326459
0.000669000000 0.000044752023 0.000000319241 0.000044752023 0.000000319241
0.000670000000 0.000044752024 0.000000312182 0.000044752024 0.000000312182
0.000671000000 0.000044752024 0.000000305280 0.000044752024 0.000000305280
0.000672000000 0.000044752024 0.000000298530 0.000044752024 0.000000298530
0.000673000000 0.000044752025 0.000000291929 0.000044752025 0.000000291929
0.000674000000 0.000044752025 0.000000285474 0.000044752025 0.000000285474
0.000675000000 0.000044752025 0.000000279162 0.000044752025 0.000000279162
0.000676000000 0.000044752025 0.000000272989 0.000044752025 0.000000272989
0.000677000000 0.000044752026 0.000000266953 0.000044752026 0.000000266953
0.000678000000 0.000044752026 0.000000261051 0.000044752026 0.000000261051
0.000679000000 0.000044752026 0.000000255279 0.000044752026 0.000000255279
0.000680000000 0.000044752026 0.000000249634 0.000044752026 0.000000249634
0.000681000000 0.000044752027 0.000000244115 0.000044752027 0.000000244115
0.000682000000 0.000044752027 0.000000238717 0.000044752027 0.000000238717
0.000683000000 0.000044752027 0.000000233439 0.000044752027 0.000000233439
0.000684000000 0.000044752027 0.000000228277 0.000044752027 0.000000228277
0.000685000000 0.000044752028 0.000000223230 0.000044752028 0.000000223230
0.000686000000 0.000044752028 0.000000218294 0.000044752028 0.000000218294
0.000687000000 0.000044752028 0.000000213467 0.000044752028 0.000000213467
0.000688000000 0.000044752028 0.000000208747 0.000044752028 0.000000208747
0.000689000000 0.000044752029 0.000000204132 0.000044752029 0.000000204132
0.000690000000 0.000044752029 0.000000199618 0.000044752029 0.000000199618
0.000691000000 0.000044752029 0.000000195204 0.000044752029 0.000000195204
0.000692000000 0.000044752029 0.000000190888 0.000044752029 0.000000190888
0.000693000000 0.000044752029 0.000000186667 0.000044752029 0.000000186667
0.000694000000 0.000044752029 0.000000182540 0.000044752029 0.000000182540
0.000695000000 0.000044752030 0.000000178504 0.000044752030 0.000000178504
0.000696000000 0.000044752030 0.000000174557 0.000044752030 0.000000174557
0.000697000000 0.000044752030 0.000000170697 0.000044752030 0.000000170697
0.000698000000 0.000044752030 0.000000166923 0.000044752030 0.000000166923
0.000699000000 0.000044752030 0.000000163232 0.000044752030 0.000000163232
0.000700000000 0.000044752031 0.000000159623 0.000044752031 0.000000159623
0.000701000000 0.000044752031 0.000000156094 0.000044752031 0.000000156094
0.000702000000 0.000044752031 0.000000152642 0.000044752031 0.000000152642
0.000703000000 0.000044752031 0.000000149267 0.000044752031 0.000000149267
0.000704000000 0.000044752031 0.000000145967 0.000044752031 0.000000145967
0.000705000000 0.000044752031 0.000000142739 0.000044752031 0.000000142739
0.000706000000 0.000044752031 0.000000139583 0.000044752031 0.000000139583
0.000707000000 0.000044752032 0.000000136497 0.000044752032 0.000000136497
0.000708000000 0.000044752032 0.000000133479 0.000044752032 0.000000133479
0.000709000000 0.000044752032 0.000000130527 0.000044752032 0.000000130527
0.000710000000 0.000044752032 0.000000127641 0.000044752032 0.000000127641
0.000711000000 0.000044752032 0.000000124819 0.000044752032 0.000000124819
0.000712000000 0.000044752032 0.000000122059 0.000044752032 0.000000122059
0.000713000000 0.000044752032 0.000000119360 0.000044752032 0.000000119360
0.000714000000 0.000044752032 0.000000116721 0.000044752032 0.000000116721
0.000715000000 0.000044752033 0.000000114140 0.000044752033 0.000000114140
0.000716000000 0.000044752033 0.000000111616 0.000044752033 0.000000111616
0.000717000000 0.000044752033 0.000000109149 0.000044752033 0.000000109149
0.000718000000 0.000044752033 0.000000106735 0.000044752033 0.000000106735
0.000719000000 0.000044752033 0.000000104375 0.000044752033 0.000000104375
0.000720000000 0.000044752033 0.000000102067 0.000044752033 0.000000102067
0.000721000000 0.000044752033 0.000000099810 0.000044752033 0.000000099810
0.000722000000 0.000044752033 0.000000097604 0.000044752033 0.000000097604
0.000723000000 0.000044752033 0.000000095445 0.000044752033 0.000000095445
0.000724000000 0.000044752033 0.000000093335 0.000044752033 0.000000093335
0.000725000000 0.000044752034 0.000000091271 0.000044752034 0.000000091271
0.000726000000 0.000044752034 0.000000089253 0.000044752034 0.000000089253
0.000727000000 0.000044752034 0.000000087280 0.000044752034 0.000000087280
0.000728000000 0.000044752034 0.000000085350 0.000044752034 0.000000085350
0.000729000000 0.000044752034 0.000000083463 0.000044752034 0.000000083463
0.000730000000 0.000044752034 0.000000081617 0.000044752034 0.000000081617
0.000731000000 0.000044752034 0.000000079813 0.000044752034 0.000000079813
0.000732000000 0.000044752034 0.000000078048 0.000044752034 0.000000078048
0.000733000000 0.000044752034 0.000000076322 0.000044752034 0.000000076322
0.000734000000 0.000044752034 0.000000074635 0.000044752034 0.000000074635
0.000735000000 0.000044752034 0.000000072984 0.000044752034 0.000000072984
0.000736000000 0.000044752034 0.000000071371 0.000044752034 0.000000071371
0.000737000000 0.000044752035 0.000000069793 0.000044752035 0.000000069793
0.000738000000 0.000044752035 0.000000068249 0.000044752035 0.000000068249
0.000739000000 0.000044752035 0.000000066740 0.000044752035 0.000000066740
0.000740000000 0.000044752035 0.000000065265 0.000044752035 0.000000065265
0.000741000000 0.000044752035 0.000000063822 0.000044752035 0.000000063822
0.000742000000 0.000044752035 0.000000062410 0.000044752035 0.000000062410
0.000743000000 0.000044752035 0.000000061030 0.000044752035 0.000000061030
0.000744000000 0.000044752035 0.000000059681 0.000044752035 0.000000059681
0.000745000000 0.000044752035 0.000000058361 0.000044752035 0.000000058361
0.000746000000 0.000044752035 0.000000057071 0.000044752035 0.000000057071
0.000747000000 0.000044752035 0.000000055809 0.000044752035 0.000000055809
0.000748000000 0.000044752035 0.000000054575 0.000044752035 0.000000054575
0.000749000000 0.000044752035 0.000000053368 0.000044752035 0.000000053368
0.000750000000 0.000044752035 0.000000052188 0.000044752035 0.000000052188
0.000751000000 0.000044752035 0.000000051034 0.000044752035 0.000000051034
0.000752000000 0.000044752035 0.000000049906 0.000044752035 0.000000049906
0.000753000000 0.000044752035 0.000000048803 0.000044752035 0.000000048803
0.000754000000 0.000044752036 0.000000047723 0.000044752036 0.000000047723
0.000755000000 0.000044752036 0.000000046668 0.000044752036 0.000000046668
0.000756000000 0.000044752036 0.000000045636 0.000044752036 0.000000045636
0.000757000000 0.000044752036 0.000000044627 0.000044752036 0.000000044627
0.000758000000 0.000044752036 0.000000043641 0.000044752036 0.000000043641
0.000759000000 0.000044752036 0.000000042676 0.000044752036 0.000000042676
0.000760000000 0.000044752036 0.000000041732 0.000044752036 0.000000041732
0.000761000000 0.000044752036 0.000000040809 0.000044752036 0.000000040809
0.000762000000 0.000044752036 0.000000039907 0.000044752036 0.000000039907
0.000763000000 0.000044752036 0.000000039025 0.000044752036 0.000000039025
0.000764000000 0.000044752036 0.000000038162 0.000044752036 0.000000038162
0.000765000000 0.000044752036 0.000000037318 0.000044752036 0.000000037318
0.000766000000 0.000044752036 0.000000036493 0.000044752036 0.000000036493
0.000767000000 0.000044752036 0.000000035686 0.000044752036 0.000000035686
0.000768000000 0.000044752036 0.000000034897 0.000044752036 0.000000034897
0.000769000000 0.000044752036 0.000000034125 0.000044752036 0.000000034125
0.000770000000 0.000044752036 0.000000033371 0.000044752036 0.000000033371
0.000771000000 0.000044752036 0.000000032633 0.000044752036 0.000000032633
0.000772000000 0.000044752036 0.000000031911 0.000044752036 0.000000031911
0.000773000000 0.000044752036 0.000000031206 0.000044752036 0.000000031206
0.000774000000 0.000044752036 0.000000030516 0.000044752036 0.000000030516
0.000775000000 0.000044752036 0.000000029841 0.000044752036 0.000000029841
0.000776000000 0.000044752036 0.000000029181 0.000044752036 0.000000029181
0.000777000000 0.000044752036 0.000000028536 0.000044752036 0.000000028536
0.000778000000 0.000044752036 0.000000027905 0.000044752036 0.000000027905
0.000779000000 0.000044752036 0.000000027288 0.000044752036 0.000000027288
0.000780000000 0.000044752036 0.000000026685 0.000044752036 0.000000026685
0.000781000000 0.000044752036 0.000000026095 0.000044752036 0.000000026095
0.000782000000 0.000044752037 0.000000025518 0.000044752037 0.000000025518
0.000783000000 0.000044752037 0.000000024953 0.000044752037 0.000000024953
0.000784000000 0.000044752037 0.000000024402 0.000044752037 0.000000024402
0.000785000000 0.000044752037 0.000000023862 0.000044752037 0.000000023862
0.000786000000 0.000044752037 0.000000023334 0.000044752037 0.000000023334
0.000787000000 0.000044752037 0.000000022819 0.000044752037 0.000000022819
0.000788000000 0.000044752037 0.000000022314 0.000044752037 0.000000022314
0.000789000000 0.000044752037 0.000000021821 0.000044752037 0.000000021821
0.000790000000 0.000044752037 0.000000021338 0.000044752037 0.000000021338
0.000791000000 0.000044752037 0.000000020866 0.000044752037 0.000000020866
0.000792000000 0.000044752037 0.000000020405 0.000044752037 0.000000020405
0.000793000000 0.000044752037 0.000000019954 0.000044752037 0.000000019954
0.000794000000 0.000044752037 0.000000019513 0.000044752037 0.000000019513
0.000795000000 0.000044752037 0.000000019081 0.000044752037 0.000000019081
0.000796000000 0.000044752037 0.000000018659 0.000044752037 0.000000018659
0.000797000000 0.000044752037 0.000000018247 0.000044752037 0.000000018247
0.000798000000 0.000044752037 0.000000017843 0.000044752037 0.000000017843
0.000799000000 0.000044752037 0.000000017449 0.000044752037 0.000000017449
0.000800000000 0.000044752037 0.000000017063 0.000044752037 0.000000017063
0.000801000000 0.000044752037 0.000000016686 0.000044752037 0.000000016686
0.000802000000 0.000044752037 0.000000016317 0.000044752037 0.000000016317
0.000803000000 0.000044752037 0.000000015956 0.000044752037 0.000000015956
0.000804000000 0.000044752037 0.000000015603 0.000044752037 0.000000015603
0.000805000000 0.000044752037 0.000000015258 0.000044752037 0.000000015258
0.000806000000 0.000044752037 0.000000014921 0.000044752037 0.000000014921
0.000807000000 0.000044752037 0.000000014591 0.000044752037 0.000000014591
0.000808000000 0.000044752037 0.000000014268 0.000044752037 0.000000014268
0.000809000000 0.000044752037 0.000000013953 0.000044752037 0.000000013953
0.000810000000 0.000044752037 0.000000013644 0.000044752037 0.000000013644
0.000811000000 0.000044752037 0.000000013342 0.000044752037 0.000000013342
0.000812000000 0.000044752037 0.000000013047 0.000044752037 0.000000013047
0.000813000000 0.000044752037 0.000000012759 0.000044752037 0.000000012759
0.000814000000 0.000044752037 0.000000012477 0.000044752037 0.000000012477
0.000815000000 0.000044752037 0.000000012201 0.000044752037 0.000000012201
0.000816000000 0.000044752037 0.000000011931 0.000044752037 0.000000011931
0.000817000000 0.000044752037 0.000000011667 0.000044752037 0.000000011667
0.000818000000 0.000044752037 0.000000011409 0.000044752037 0.000000011409
0.000819000000 0.000044752037 0.000000011157 0.000044752037 0.000000011157
0.000820000000 0.000044752037 0.000000010910 0.000044752037 0.000000010910
0.000821000000 0.000044752037 0.000000010669 0.000044752037 0.000000010669
0.000822000000 0.000044752037 0.000000010433 0.000044752037 0.000000010433
0.000823000000 0.000044752037 0.000000010203 0.000044752037 0.000000010203
0.000824000000 0.000044752037 0.000000009977 0.000044752037 0.000000009977
0.000825000000 0.000044752037 0.000000009756 0.000044752037 0.000000009756
0.000826000000 0.000044752037 0.000000009541 0.000044752037 0.000000009541
0.000827000000 0.000044752037 0.000000009330 0.000044752037 0.000000009330
0.000828000000 0.000044752037 0.000000009123 0.000044752037 0.000000009123
0.000829000000 0.000044752037 0.000000008922 0.000044752037 0.000000008922
0.000830000000 0.000044752037 0.000000008724 0.000044752037 0.000000008724
0.000831000000 0.000044752037 0.000000008532 0.000044752037 0.000000008532
0.000832000000 0.000044752037 0.000000008343 0.000044752037 0.000000008343
0.000833000000 0.000044752037 0.000000008158 0.000044752037 0.000000008158
0.000834000000 0.000044752037 0.000000007978 0.000044752037 0.000000007978
0.000835000000 0.000044752037 0.000000007802 0.000044752037 0.000000007802
0.000836000000 0.000044752037 0.000000007629 0.000044752037 0.000000007629
0.000837000000 0.000044752037 0.000000007460 0.000044752037 0.000000007460
0.000838000000 0.000044752037 0.000000007295 0.000044752037 0.000000007295
0.000839000000 0.000044752037 0.000000007134 0.000044752037 0.000000007134
0.000840000000 0.000044752037 0.000000006976 0.000044752037 0.000000006976
0.000841000000 0.000044752037 0.000000006822 0.000044752037 0.000000006822
0.000842000000 0.000044752037 0.000000006671 0.000044752037 0.000000006671
0.000843000000 0.000044752037 0.000000006524 0.000044752037 0.000000006524
0.000844000000 0.000044752037 0.000000006380 0.000044752037 0.000000006380
0.000845000000 0.000044752037 0.000000006239 0.000044752037 0.000000006239
0.000846000000 0.000044752037 0.000000006101 0.000044752037 0.000000006101
0.000847000000 0.000044752037 0.000000005966 0.000044752037 0.000000005966
0.000848000000 0.000044752037 0.000000005834 0.000044752037 0.000000005834
0.000849000000 0.000044752037 0.000000005705 0.000044752037 0.000000005705
0.000850000000 0.000044752037 0.000000005579 0.000044752037 0.000000005579
0.000851000000 0.000044752037 0.000000005455 0.000044752037 0.000000005455
0.000852000000 0.000044752037 0.000000005335 0.000044752037 0.000000005335
0.000853000000 0.000044752037 0.000000005217 0.000044752037 0.000000005217
0.000854000000 0.000044752037 0.000000005101 0.000044752037 0.000000005101
0.000855000000 0.000044752037 0.000000004989 0.000044752037 0.000000004989
0.000856000000 0.000044752037 0.000000004878 0.000044752037 0.000000004878
0.000857000000 0.000044752037 0.000000004770 0.000044752037 0.000000004770
0.000858000000 0.000044752037 0.000000004665 0.000044752037 0.000000004665
0.000859000000 0.000044752037 0.000000004562 0.000044752037 0.000000004562
0.000860000000 0.000044752037 0.000000004461 0.000044752037 0.000000004461
0.000861000000 0.000044752037 0.000000004362 0.000044752037 0.000000004362
0.000862000000 0.000044752037 0.000000004266 0.000044752037 0.000000004266
0.000863000000 0.000044752037 0.000000004172 0.000044752037 0.000000004172
0.000864000000 0.000044752037 0.000000004079 0.000044752037 0.000000004079
0.000865000000 0.000044752037 0.000000003989 0.000044752037 0.000000003989
0.000866000000 0.000044752037 0.000000003901 0.000044752037 0.000000003901
0.000867000000 0.000044752037 0.000000003815 0.000044752037 0.000000003815
0.000868000000 0.000044752037 0.000000003730 0.000044752037 0.000000003730
0.000869000000 0.000044752037 0.000000003648 0.000044752037 0.000000003648
0.000870000000 0.000044752038 0.000000003567 0.000044752038 0.000000003567
0.000871000000 0.000044752038 0.000000003488 0.000044752038 0.000000003488
0.000872000000 0.000044752038 0.000000003411 0.000044752038 0.000000003411
0.000873000000 0.000044752038 0.000000003336 0.000044752038 0.000000003336
0.000874000000 0.000044752038 0.000000003262 0.000044752038 0.000000003262
0.000875000000 0.000044752038 0.000000003190 0.000044752038 0.000000003190
0.000876000000 0.000044752038 0.000000003119 0.000044752038 0.000000003119
0.000877000000 0.000044752038 0.000000003050 0.000044752038 0.000000003050
0.000878000000 0.000044752038 0.000000002983 0.000044752038 0.000000002983
0.000879000000 0.000044752038 0.000000002917 0.000044752038 0.000000002917
0.000880000000 0.000044752038 0.000000002852 0.000044752038 0.000000002852
0.000881000000 0.000044752038 0.000000002789 0.000044752038 0.000000002789
0.000882000000 0.000044752038 0.000000002728 0.000044752038 0.000000002728
0.000883000000 0.000044752038 0.000000002667 0.000044752038 0.000000002667
0.000884000000 0.000044752038 0.000000002608 0.000044752038 0.000000002608
0.000885000000 0.000044752038 0.000000002551 0.000044752038 0.000000002551
0.000886000000 0.000044752038 0.000000002494 0.000044752038 0.000000002494
0.000887000000 0.000044752038 0.000000002439 0.000044752038 0.000000002439
0.000888000000 0.000044752038 0.000000002385 0.000044752038 0.000000002385
0.000889000000 0.000044752038 0.000000002333 0.000044752038 0.000000002333
0.000890000000 0.000044752038 0.000000002281 0.000044752038 0.000000002281
0.000891000000 0.000044752038 0.000000002230 0.000044752038 0.000000002230
0.000892000000 0.000044752038 0.000000002181 0.000044752038 0.000000002181
0.000893000000 0.000044752038 0.000000002133 0.000044752038 0.000000002133
0.000894000000 0.000044752038 0.000000002086 0.000044752038 0.000000002086
0.000895000000 0.000044752038 0.000000002040 0.000044752038 0.000000002040
0.000896000000 0.000044752038 0.000000001995 0.000044752038 0.000000001995
0.000897000000 0.000044752038 0.000000001950 0.000044752038 0.000000001950
0.000898000000 0.000044752038 0.000000001907 0.000044752038 0.000000001907
0.000899000000 0.000044752038 0.000000001865 0.000044752038 0.000000001865
0.000900000000 0.000044752038 0.000000001824 0.000044752038 0.000000001824
0.000901000000 0.000044752038 0.000000001784 0.000044752038 0.000000001784
0.000902000000 0.000044752038 0.000000001744 0.000044752038 0.000000001744
0.000903000000 0.000044752038 0.000000001706 0.000044752038 0.000000001706
0.000904000000 0.000044752038 0.000000001668 0.000044752038 0.000000001668
0.000905000000 0.000044752038 0.000000001631 0.000044752038 0.000000001631
0.000906000000 0.000044752038 0.000000001595 0.000044752038 0.000000001595
0.000907000000 0.000044752038 0.000000001560 0.000044752038 0.000000001560
0.000908000000 0.000044752038 0.000000001525 0.000044752038 0.000000001525
0.000909000000 0.000044752038 0.000000001491 0.000044752038 0.000000001491
0.000910000000 0.000044752038 0.000000001458 0.000044752038 0.000000001458
0.000911000000 0.000044752038 0.000000001426 0.000044752038 0.000000001426
0.000912000000 0.000044752038 0.000000001395 0.000044752038 0.000000001395
0.000913000000 0.000044752038 0.000000001364 0.000044752038 0.000000001364
0.000914000000 0.000044752038 0.000000001334 0.000044752038 0.000000001334
0.000915000000 0.000044752038 0.000000001304 0.000044752038 0.000000001304
0.000916000000 0.000044752038 0.000000001275 0.000044752038 0.000000001275
0.000917000000 0.000044752038 0.000000001247 0.000044752038 0.000000001247
0.000918000000 0.000044752038 0.000000001220 0.000044752038 0.000000001220
0.000919000000 0.000044752038 0.000000001193 0.000044752038 0.000000001193
0.000920000000 0.000044752038 0.000000001166 0.000044752038 0.000000001166
0.000921000000 0.000044752038 0.000000001140 0.000044752038 0.000000001140
0.000922000000 0.000044752038 0.000000001115 0.000044752038 0.000000001115
0.000923000000 0.000044752038 0.000000001091 0.000044752038 0.000000001091
0.000924000000 0.000044752038 0.000000001066 0.000044752038 0.000000001066
0.000925000000 0.000044752038 0.000000001043 0.000044752038 0.000000001043
0.000926000000 0.000044752038 0.000000001020 0.000044752038 0.000000001020
0.000927000000 0.000044752038 0.000000000997 0.000044752038 0.000000000997
0.000928000000 0.000044752038 0.000000000975 0.000044752038 0.000000000975
0.000929000000 0.000044752038 0.000000000954 0.000044752038 0.000000000954
0.000930000000 0.000044752038 0.000000000933 0.000044752038 0.000000000933
0.000931000000 0.000044752038 0.000000000912 0.000044752038 0.000000000912
0.000932000000 0.000044752038 0.000000000892 0.000044752038 0.000000000892
0.000933000000 0.000044752038 0.000000000872 0.000044752038 0.000000000872
0.000934000000 0.000044752038 0.000000000853 0.000044752038 0.000000000853
0.000935000000 0.000044752038 0.000000000834 0.000044752038 0.000000000834
0.000936000000 0.000044752038 0.000000000816 0.000044752038 0.000000000816
0.000937000000 0.000044752038 0.000000000797 0.000044752038 0.000000000797
0.000938000000 0.000044752038 0.000000000780 0.000044752038 0.000000000780
0.000939000000 0.000044752038 0.000000000763 0.000044752038 0.000000000763
0.000940000000 0.000044752038 0.000000000746 0.000044752038 0.000000000746
0.000941000000 0.000044752038 0.000000000729 0.000044752038 0.000000000729
0.000942000000 0.000044752038 0.000000000713 0.000044752038 0.000000000713
0.000943000000 0.000044752038 0.000000000697 0.000044752038 0.000000000697
0.000944000000 0.000044752038 0.000000000682 0.000044752038 0.000000000682
0.000945000000 0.000044752038 0.000000000667 0.000044752038 0.000000000667
0.000946000000 0.000044752038 0.000000000652 0.000044752038 0.000000000652
0.000947000000 0.000044752038 0.000000000638 0.000044752038 0.000000000638
0.000948000000 0.000044752038 0.000000000624 0.000044752038 0.000000000624
0.000949000000 0.000044752038 0.000000000610 0.000044752038 0.000000000610
0.000950000000 0.000044752038 0.000000000596 0.000044752038 0.000000000596
0.000951000000 0.000044752038 0.000000000583 0.000044752038 0.000000000583
0.000952000000 0.000044752038 0.000000000570 0.000044752038 0.000000000570
0.000953000000 0.000044752038 0.000000000558 0.000044752038 0.000000000558
0.000954000000 0.000044752038 0.000000000545 0.000044752038 0.000000000545
0.000955000000 0.000044752038 0.000000000533 0.000044752038 0.000000000533
0.000956000000 0.000044752038 0.000000000521 0.000044752038 0.000000000521
0.000957000000 0.000044752038 0.000000000510 0.000044752038 0.000000000510
0.000958000000 0.000044752038 0.000000000499 0.000044752038 0.000000000499
0.000959000000 0.000044752038 0.000000000488 0.000044752038 0.000000000488
0.000960000000 0.000044752038 0.000000000477 0.000044752038 0.000000000477
0.000961000000 0.000044752038 0.000000000466 0.000044752038 0.000000000466
0.000962000000 0.000044752038 0.000000000456 0.000044752038 0.000000000456
0.000963000000 0.000044752038 0.000000000446 0.000044752038 0.000000000446
0.000964000000 0.000044752038 0.000000000436 0.000044752038 0.000000000436
0.000965000000 0.000044752038 0.000000000426 0.000044752038 0.000000000426
0.000966000000 0.000044752038 0.000000000417 0.000044752038 0.000000000417
0.000967000000 0.000044752038 0.000000000408 0.000044752038 0.000000000408
0.000968000000 0.000044752038 0.000000000399 0.000044752038 0.000000000399
0.000969000000 0.000044752038 0.000000000390 0.000044752038 0.000000000390
0.000970000000 0.000044752038 0.000000000381 0.000044752038 0.000000000381
0.000971000000 0.000044752038 0.000000000373 0.000044752038 0.000000000373
0.000972000000 0.000044752038 0.000000000365 0.000044752038 0.000000000365
0.000973000000 0.000044752038 0.000000000357 0.000044752038 0.000000000357
0.000974000000 0.000044752038 0.000000000349 0.000044752038 0.000000000349
0.000975000000 0.000044752038 0.000000000341 0.000044752038 0.000000000341
0.000976000000 0.000044752038 0.000000000333 0.000044752038 0.000000000333
0.000977000000 0.000044752038 0.000000000326 0.000044752038 0.000000000326
0.000978000000 0.000044752038 0.000000000319 0.000044752038 0.000000000319
0.000979000000 0.000044752038 0.000000000312 0.000044752038 0.000000000312
0.000980000000 0.000044752038 0.000000000305 0.000044752038 0.000000000305
0.000981000000 0.000044752038 0.000000000298 0.000044752038 0.000000000298
0.000982000000 0.000044752038 0.000000000292 0.000044752038 0.000000000292
0.000983000000 0.000044752038 0.000000000285 0.000044752038 0.000000000285
0.000984000000 0.000044752038 0.000000000279 0.000044752038 0.000000000279
0.000985000000 0.000044752038 0.000000000273 0.000044752038 0.000000000273
0.000986000000 0.000044752038 0.000000000267 0.000044752038 0.000000000267
0.000987000000 0.000044752038 0.000000000261 0.000044752038 0.000000000261
0.000988000000 0.000044752038 0.000000000255 0.000044752038 0.000000000255
0.000989000000 0.000044752038 0.000000000249 0.000044752038 0.000000000249
0.000990000000 0.000044752038 0.000000000244 0.000044752038 0.000000000244
0.000991000000 0.000044752038 0.000000000238 0.000044752038 0.000000000238
0.000992000000 0.000044752038 0.000000000233 0.000044752038 0.000000000233
0.000993000000 0.000044752038 0.000000000228 0.000044752038 0.000000000228
0.000994000000 0.000044752038 0.000000000223 0.000044752038 0.000000000223
0.000995000000 0.000044752038 0.000000000218 0.000044752038 0.000000000218
0.000996000000 0.000044752038 0.000000000213 0.000044752038 0.000000000213
0.000997000000 0.000044752038 0.000000000208 0.000044752038 0.000000000208
0.000998000000 0.000044752038 0.000000000204 0.000044752038 0.000000000204
0.000999000000 0.000044752038 0.000000000199 0.000044752038 0.000000000199
