0.000000000000 0.000000000000 1.000000000000 0.000000000000 1.000000000000
0.000001000000 0.000000991002 0.982057370949 0.000000991002 0.982057370949
0.000002000000 0.000001964222 0.964436500432 0.000001964222 0.964436500432
0.000003000000 0.000002919980 0.947131628038 0.000002919980 0.947131628038
0.000004000000 0.000003858589 0.930137095973 0.000003858589 0.930137095973
0.000005000000 0.000004780356 0.913447347260 0.000004780356 0.913447347260
0.000006000000 0.000005685583 0.897056923971 0.000005685583 0.897056923971
0.000007000000 0.000006574568 0.880960465482 0.000006574568 0.880960465482
0.000008000000 0.000007447600 0.865152706764 0.000007447600 0.865152706764
0.000009000000 0.000008304967 0.849628476699 0.000008304967 0.849628476699
0.000010000000 0.000009146950 0.834382696426 0.000009146950 0.834382696426
0.000011000000 0.000009973824 0.819410377714 0.000009973824 0.819410377714
0.000012000000 0.000010785860 0.804706621365 0.000010785860 0.804706621365
0.000013000000 0.000011583325 0.790266615639 0.000011583325 0.790266615639
0.000014000000 0.000012366480 0.776085634714 0.000012366480 0.776085634714
0.000015000000 0.000013135581 0.762159037162 0.000013135581 0.762159037162
0.000016000000 0.000013890881 0.748482264463 0.000013890881 0.748482264463
0.000017000000 0.000014632628 0.735050839532 0.000014632628 0.735050839532
0.000018000000 0.000015361063 0.721860365284 0.000015361063 0.721860365284
0.000019000000 0.000016076427 0.708906523210 0.000016076427 0.708906523210
0.000020000000 0.000016778954 0.696185071990 0.000016778954 0.696185071990
0.000021000000 0.000017468873 0.683691846124 0.000017468873 0.683691846124
0.000022000000 0.000018146412 0.671422754586 0.000018146412 0.671422754586
0.000023000000 0.000018811792 0.659373779500 0.000018811792 0.659373779500
0.000024000000 0.000019465232 0.647540974849 0.000019465232 0.647540974849
0.000025000000 0.000020106945 0.635920465192 0.000020106945 0.635920465192
0.000026000000 0.000020737142 0.624508444413 0.000020737142 0.624508444413
0.000027000000 0.000021356030 0.613301174490 0.000021356030 0.613301174490
0.000028000000 0.000021963812 0.602294984282 0.000021963812 0.602294984282
0.000029000000 0.000022560686 0.591486268343 0.000022560686 0.591486268343
0.000030000000 0.000023146849 0.580871485748 0.000023146849 0.580871485748
0.000031000000 0.000023722492 0.570447158951 0.000023722492 0.570447158951
0.000032000000 0.000024287805 0.560209872654 0.000024287805 0.560209872654
0.000033000000 0.000024842973 0.550156272697 0.000024842973 0.550156272697
0.000034000000 0.000025388178 0.540283064972 0.000025388178 0.540283064972
0.000035000000 0.000025923599 0.530587014352 0.000025923599 0.530587014352
0.000036000000 0.000026449410 0.521064943638 0.000026449410 0.521064943638
0.000037000000 0.000026965785 0.511713732530 0.000026965785 0.511713732530
0.000038000000 0.000027472894 0.502530316611 0.000027472894 0.502530316611
0.000039000000 0.000027970901 0.493511686348 0.000027970901 0.493511686348
0.000040000000 0.000028459971 0.484654886117 0.000028459971 0.484654886117
0.000041000000 0.000028940264 0.475957013238 0.000028940264 0.475957013238
0.000042000000 0.000029411937 0.467415217034 0.000029411937 0.467415217034
0.000043000000 0.000029875145 0.459026697896 0.000029875145 0.459026697896
0.000044000000 0.000030330040 0.450788706380 0.000030330040 0.450788706380
0.000045000000 0.000030776772 0.442698542303 0.000030776772 0.442698542303
0.000046000000 0.000031215486 0.434753553870 0.000031215486 0.434753553870
0.000047000000 0.000031646327 0.426951136804 0.000031646327 0.426951136804
0.000048000000 0.000032069435 0.419288733502 0.000032069435 0.419288733502
0.000049000000 0.000032484950 0.411763832197 0.000032484950 0.411763832197
0.000050000000 0.000032893008 0.404373966142 0.000032893008 0.404373966142
0.000051000000 0.000033293742 0.397116712801 0.000033293742 0.397116712801
0.000052000000 0.000033687284 0.389989693065 0.000033687284 0.389989693065
0.000053000000 0.000034073764 0.382990570471 0.000034073764 0.382990570471
0.000054000000 0.000034453307 0.376117050438 0.000034453307 0.376117050438
0.000055000000 0.000034826039 0.369366879523 0.000034826039 0.369366879523
0.000056000000 0.000035192082 0.362737844683 0.000035192082 0.362737844683
0.000057000000 0.000035551555 0.356227772548 0.000035551555 0.356227772548
0.000058000000 0.000035904576 0.349834528720 0.000035904576 0.349834528720
0.000059000000 0.000036251262 0.343556017067 0.000036251262 0.343556017067
0.000060000000 0.000036591726 0.337390179045 0.000036591726 0.337390179045
0.000061000000 0.000036926079 0.331334993018 0.000036926079 0.331334993018
0.000062000000 0.000037254432 0.325388473607 0.000037254432 0.325388473607
0.000063000000 0.000037576892 0.319548671031 0.000037576892 0.319548671031
0.000064000000 0.000037893564 0.313813670477 0.000037893564 0.313813670477
0.000065000000 0.000038204553 0.308181591470 0.000038204553 0.308181591470
0.000066000000 0.000038509961 0.302650587261 0.000038509961 0.302650587261
0.000067000000 0.000038809887 0.297218844220 0.000038809887 0.297218844220
0.000068000000 0.000039104431 0.291884581245 0.000039104431 0.291884581245
0.000069000000 0.000039393689 0.286646049178 0.000039393689 0.286646049178
0.000070000000 0.000039677755 0.281501530236 0.000039677755 0.281501530236
0.000071000000 0.000039956722 0.276449337444 0.000039956722 0.276449337444
0.000072000000 0.000040230683 0.271487814087 0.000040230683 0.271487814087
0.000073000000 0.000040499728 0.266615333167 0.000040499728 0.266615333167
0.000074000000 0.000040763943 0.261830296871 0.000040763943 0.261830296871
0.000075000000 0.000041023417 0.257131136045 0.000041023417 0.257131136045
0.000076000000 0.000041278234 0.252516309684 0.000041278234 0.252516309684
0.000077000000 0.000041528477 0.247984304428 0.000041528477 0.247984304428
0.000078000000 0.000041774229 0.243533634063 0.000041774229 0.243533634063
0.000079000000 0.000042015571 0.239162839037 0.000042015571 0.239162839037
0.000080000000 0.000042252581 0.234870485981 0.000042252581 0.234870485981
0.000081000000 0.000042485338 0.230655167243 0.000042485338 0.230655167243
0.000082000000 0.000042713917 0.226515500422 0.000042713917 0.226515500422
0.000083000000 0.000042938393 0.222450127918 0.000042938393 0.222450127918
0.000084000000 0.000043158841 0.218457716488 0.000043158841 0.218457716488
0.000085000000 0.000043375333 0.214536956808 0.000043375333 0.214536956808
0.000086000000 0.000043587939 0.210686563046 0.000043587939 0.210686563046
0.000087000000 0.000043796729 0.206905272437 0.000043796729 0.206905272437
0.000088000000 0.000044001772 0.203191844876 0.000044001772 0.203191844876
0.000089000000 0.000044203135 0.199545062504 0.000044203135 0.199545062504
0.000090000000 0.000044400884 0.195963729315 0.000044400884 0.195963729315
0.000091000000 0.000044595084 0.192446670761 0.000044595084 0.192446670761
0.000092000000 0.000044785798 0.188992733369 0.000044785798 0.188992733369
0.000093000000 0.000044973090 0.185600784363 0.000044973090 0.185600784363
0.000094000000 0.000045157020 0.182269711290 0.000045157020 0.182269711290
0.000095000000 0.000045337649 0.178998421659 0.000045337649 0.178998421659
0.000096000000 0.000045515036 0.175785842583 0.000045515036 0.175785842583
0.000097000000 0.000045689240 0.172630920424 0.000045689240 0.172630920424
0.000098000000 0.000045860317 0.169532620452 0.000045860317 0.169532620452
0.000099000000 0.000046028324 0.166489926502 0.000046028324 0.166489926502
0.000100000000 0.000046193315 0.163501840643 0.000046193315 0.163501840643
0.000101000000 0.000046355345 0.160567382853 0.000046355345 0.160567382853
0.000102000000 0.000046514468 0.157685590694 0.000046514468 0.157685590694
0.000103000000 0.000046670734 0.154855518997 0.000046670734 0.154855518997
0.000104000000 0.000046824196 0.152076239556 0.000046824196 0.152076239556
0.000105000000 0.000046974903 0.149346840819 0.000046974903 0.149346840819
0.000106000000 0.000047122906 0.146666427593 0.000047122906 0.146666427593
0.000107000000 0.000047268252 0.144034120748 0.000047268252 0.144034120748
0.000108000000 0.000047410990 0.141449056930 0.000047410990 0.141449056930
0.000109000000 0.000047551165 0.138910388278 0.000047551165 0.138910388278
0.000110000000 0.000047688825 0.136417282146 0.000047688825 0.136417282146
0.000111000000 0.000047824015 0.133968920829 0.000047824015 0.133968920829
0.000112000000 0.000047956778 0.131564501297 0.000047956778 0.131564501297
0.000113000000 0.000048087158 0.129203234931 0.000048087158 0.129203234931
0.000114000000 0.000048215199 0.126884347262 0.000048215199 0.126884347262
0.000115000000 0.000048340941 0.124607077721 0.000048340941 0.124607077721
0.000116000000 0.000048464426 0.122370679387 0.000048464426 0.122370679387
0.000117000000 0.000048585696 0.120174418744 0.000048585696 0.120174418744
0.000118000000 0.000048704788 0.118017575439 0.000048704788 0.118017575439
0.000119000000 0.000048821744 0.115899442044 0.000048821744 0.115899442044
0.000120000000 0.000048936600 0.113819323831 0.000048936600 0.113819323831
0.000121000000 0.000049049395 0.111776538535 0.000049049395 0.111776538535
0.000122000000 0.000049160165 0.109770416138 0.000049160165 0.109770416138
0.000123000000 0.000049268948 0.107800298644 0.000049268948 0.107800298644
0.000124000000 0.000049375778 0.105865539868 0.000049375778 0.105865539868
0.000125000000 0.000049480690 0.103965505219 0.000049480690 0.103965505219
0.000126000000 0.000049583720 0.102099571496 0.000049583720 0.102099571496
0.000127000000 0.000049684901 0.100267126682 0.000049684901 0.100267126682
0.000128000000 0.000049784265 0.098467569742 0.000049784265 0.098467569742
0.000129000000 0.000049881846 0.096700310430 0.000049881846 0.096700310430
0.000130000000 0.000049977676 0.094964769090 0.000049977676 0.094964769090
0.000131000000 0.000050071786 0.093260376471 0.000050071786 0.093260376471
0.000132000000 0.000050164207 0.091586573537 0.000050164207 0.091586573537
0.000133000000 0.000050254970 0.089942811285 0.000050254970 0.089942811285
0.000134000000 0.000050344103 0.088328550564 0.000050344103 0.088328550564
0.000135000000 0.000050431636 0.086743261902 0.000050431636 0.086743261902
0.000136000000 0.000050517599 0.085186425324 0.000050517599 0.085186425324
0.000137000000 0.000050602018 0.083657530192 0.000050602018 0.083657530192
0.000138000000 0.000050684923 0.082156075029 0.000050684923 0.082156075029
0.000139000000 0.000050766340 0.080681567359 0.000050766340 0.080681567359
0.000140000000 0.000050846295 0.079233523545 0.000050846295 0.079233523545
0.000141000000 0.000050924815 0.077811468628 0.000050924815 0.077811468628
0.000142000000 0.000051001926 0.076414936176 0.000051001926 0.076414936176
0.000143000000 0.000051077654 0.075043468124 0.000051077654 0.075043468124
0.000144000000 0.000051152022 0.073696614632 0.000051152022 0.073696614632
0.000145000000 0.000051225055 0.072373933930 0.000051225055 0.072373933930
0.000146000000 0.000051296777 0.071074992179 0.000051296777 0.071074992179
0.000147000000 0.000051367213 0.069799363323 0.000051367213 0.069799363323
0.000148000000 0.000051436384 0.068546628956 0.000051436384 0.068546628956
0.000149000000 0.000051504313 0.067316378179 0.000051504313 0.067316378179
0.000150000000 0.000051571024 0.066108207467 0.000051571024 0.066108207467
0.000151000000 0.000051636537 0.064921720540 0.000051636537 0.064921720540
0.000152000000 0.000051700874 0.063756528226 0.000051700874 0.063756528226
0.000153000000 0.000051764057 0.062612248341 0.000051764057 0.062612248341
0.000154000000 0.000051826106 0.061488505559 0.000051826106 0.061488505559
0.000155000000 0.000051887041 0.060384931289 0.000051887041 0.060384931289
0.000156000000 0.000051946882 0.059301163556 0.000051946882 0.059301163556
0.000157000000 0.000052005650 0.058236846882 0.000052005650 0.058236846882
0.000158000000 0.000052063362 0.057191632168 0.000052063362 0.057191632168
0.000159000000 0.000052120039 0.056165176581 0.000052120039 0.056165176581
0.000160000000 0.000052175699 0.055157143440 0.000052175699 0.055157143440
0.000161000000 0.000052230359 0.054167202107 0.000052230359 0.054167202107
0.000162000000 0.000052284039 0.053195027880 0.000052284039 0.053195027880
0.000163000000 0.000052336755 0.052240301881 0.000052336755 0.052240301881
0.000164000000 0.000052388525 0.051302710957 0.000052388525 0.051302710957
0.000165000000 0.000052439366 0.050381947575 0.000052439366 0.050381947575
0.000166000000 0.000052489295 0.049477709722 0.000052489295 0.049477709722
0.000167000000 0.000052538327 0.048589700804 0.000052538327 0.048589700804
0.000168000000 0.000052586479 0.047717629551 0.000052586479 0.047717629551
0.000169000000 0.000052633768 0.046861209921 0.000052633768 0.046861209921
0.000170000000 0.000052680207 0.046020161005 0.000052680207 0.046020161005
0.000171000000 0.000052725813 0.045194206934 0.000052725813 0.045194206934
0.000172000000 0.000052770600 0.044383076794 0.000052770600 0.044383076794
0.000173000000 0.000052814584 0.043586504530 0.000052814584 0.043586504530
0.000174000000 0.000052857778 0.042804228863 0.000052857778 0.042804228863
0.000175000000 0.000052900197 0.042035993204 0.000052900197 0.042035993204
0.000176000000 0.000052941855 0.041281545568 0.000052941855 0.041281545568
0.000177000000 0.000052982765 0.040540638493 0.000052982765 0.040540638493
0.000178000000 0.000053022940 0.039813028958 0.000053022940 0.039813028958
0.000179000000 0.000053062395 0.039098478304 0.000053062395 0.039098478304
0.000180000000 0.000053101142 0.038396752155 0.000053101142 0.038396752155
0.000181000000 0.000053139193 0.037707620342 0.000053139193 0.037707620342
0.000182000000 0.000053176561 0.037030856827 0.000053176561 0.037030856827
0.000183000000 0.000053213259 0.036366239628 0.000053213259 0.036366239628
0.000184000000 0.000053249297 0.035713550747 0.000053249297 0.035713550747
0.000185000000 0.000053284690 0.035072576100 0.000053284690 0.035072576100
0.000186000000 0.000053319446 0.034443105444 0.000053319446 0.034443105444
0.000187000000 0.000053353580 0.033824932309 0.000053353580 0.033824932309
0.000188000000 0.000053387100 0.033217853933 0.000053387100 0.033217853933
0.000189000000 0.000053420019 0.032621671189 0.000053420019 0.032621671189
0.000190000000 0.000053452347 0.032036188527 0.000053452347 0.032036188527
0.000191000000 0.000053484095 0.031461213907 0.000053484095 0.031461213907
0.000192000000 0.000053515273 0.030896558733 0.000053515273 0.030896558733
0.000193000000 0.000053545891 0.030342037797 0.000053545891 0.030342037797
0.000194000000 0.000053575960 0.029797469211 0.000053575960 0.029797469211
0.000195000000 0.000053605489 0.029262674356 0.000053605489 0.029262674356
0.000196000000 0.000053634489 0.028737477815 0.000053634489 0.028737477815
0.000197000000 0.000053662968 0.028221707322 0.000053662968 0.028221707322
0.000198000000 0.000053690935 0.027715193701 0.000053690935 0.027715193701
0.000199000000 0.000053718401 0.027217770813 0.000053718401 0.027217770813
0.000200000000 0.000053745374 0.026729275502 0.000053745374 0.026729275502
0.000201000000 0.000053771862 0.026249547537 0.000053771862 0.026249547537
0.000202000000 0.000053797876 0.025778429566 0.000053797876 0.025778429566
0.000203000000 0.000053823422 0.025315767059 0.000053823422 0.025315767059
0.000204000000 0.000053848510 0.024861408262 0.000053848510 0.024861408262
0.000205000000 0.000053873148 0.024415204141 0.000053873148 0.024415204141
0.000206000000 0.000053897343 0.023977008340 0.000053897343 0.023977008340
0.000207000000 0.000053921104 0.023546677127 0.000053921104 0.023546677127
0.000208000000 0.000053944439 0.023124069353 0.000053944439 0.023124069353
0.000209000000 0.000053967355 0.022709046400 0.000053967355 0.022709046400
0.000210000000 0.000053989860 0.022301472137 0.000053989860 0.022301472137
0.000211000000 0.000054011960 0.021901212879 0.000054011960 0.021901212879
0.000212000000 0.000054033664 0.021508137337 0.000054033664 0.021508137337
0.000213000000 0.000054054979 0.021122116583 0.000054054979 0.021122116583
0.000214000000 0.000054075911 0.020743023997 0.000054075911 0.020743023997
0.000215000000 0.000054096467 0.020370735236 0.000054096467 0.020370735236
0.000216000000 0.000054116655 0.020005128188 0.000054116655 0.020005128188
0.000217000000 0.000054136480 0.019646082931 0.000054136480 0.019646082931
0.000218000000 0.000054155949 0.019293481697 0.000054155949 0.019293481697
0.000219000000 0.000054175069 0.018947208829 0.000054175069 0.018947208829
0.000220000000 0.000054193845 0.018607150750 0.000054193845 0.018607150750
0.000221000000 0.000054212285 0.018273195918 0.000054212285 0.018273195918
0.000222000000 0.000054230394 0.017945234794 0.000054230394 0.017945234794
0.000223000000 0.000054248178 0.017623159805 0.000054248178 0.017623159805
0.000224000000 0.000054265642 0.017306865309 0.000054265642 0.017306865309
0.000225000000 0.000054282793 0.016996247560 0.000054282793 0.016996247560
0.000226000000 0.000054299636 0.016691204672 0.000054299636 0.016691204672
0.000227000000 0.000054316177 0.016391636591 0.000054316177 0.016391636591
0.000228000000 0.000054332422 0.016097445057 0.000054332422 0.016097445057
0.000229000000 0.000054348374 0.015808533572 0.000054348374 0.015808533572
0.000230000000 0.000054364040 0.015524807373 0.000054364040 0.015524807373
0.000231000000 0.000054379425 0.015246173396 0.000054379425 0.015246173396
0.000232000000 0.000054394534 0.014972540247 0.000054394534 0.014972540247
0.000233000000 0.000054409372 0.014703818173 0.000054409372 0.014703818173
0.000234000000 0.000054423944 0.014439919032 0.000054423944 0.014439919032
0.000235000000 0.000054438254 0.014180756263 0.000054438254 0.014180756263
0.000236000000 0.000054452307 0.013926244860 0.000054452307 0.013926244860
0.000237000000 0.000054466108 0.013676301342 0.000054466108 0.013676301342
0.000238000000 0.000054479661 0.013430843725 0.000054479661 0.013430843725
0.000239000000 0.000054492971 0.013189791498 0.000054492971 0.013189791498
0.000240000000 0.000054506042 0.012953065595 0.000054506042 0.012953065595
0.000241000000 0.000054518878 0.012720588369 0.000054518878 0.012720588369
0.000242000000 0.000054531484 0.012492283565 0.000054531484 0.012492283565
0.000243000000 0.000054543864 0.012268076298 0.000054543864 0.012268076298
0.000244000000 0.000054556022 0.012047893028 0.000054556022 0.012047893028
0.000245000000 0.000054567961 0.011831661533 0.000054567961 0.011831661533
0.000246000000 0.000054579686 0.011619310887 0.000054579686 0.011619310887
0.000247000000 0.000054591201 0.011410771438 0.000054591201 0.011410771438
0.000248000000 0.000054602509 0.011205974785 0.000054602509 0.011205974785
0.000249000000 0.000054613614 0.011004853753 0.000054613614 0.011004853753
0.000250000000 0.000054624520 0.010807342374 0.000054624520 0.010807342374
0.000251000000 0.000054635230 0.010613375861 0.000054635230 0.010613375861
0.000252000000 0.000054645748 0.010422890594 0.000054645748 0.010422890594
0.000253000000 0.000054656077 0.010235824092 0.000054656077 0.010235824092
0.000254000000 0.000054666221 0.010052114997 0.000054666221 0.010052114997
0.000255000000 0.000054676182 0.009871703050 0.000054676182 0.009871703050
0.000256000000 0.000054685965 0.009694529075 0.000054685965 0.009694529075
0.000257000000 0.000054695573 0.009520534959 0.000054695573 0.009520534959
0.000258000000 0.000054705007 0.009349663631 0.000054705007 0.009349663631
0.000259000000 0.000054714273 0.009181859043 0.000054714273 0.009181859043
0.000260000000 0.000054723372 0.009017066155 0.000054723372 0.009017066155
0.000261000000 0.000054732308 0.008855230914 0.000054732308 0.008855230914
0.000262000000 0.000054741084 0.008696300237 0.000054741084 0.008696300237
0.000263000000 0.000054749702 0.008540221994 0.000054749702 0.008540221994
0.000264000000 0.000054758165 0.008386944991 0.000054758165 0.008386944991
0.000265000000 0.000054766476 0.008236418951 0.000054766476 0.008236418951
0.000266000000 0.000054774639 0.008088594502 0.000054774639 0.008088594502
0.000267000000 0.000054782654 0.007943423156 0.000054782654 0.007943423156
0.000268000000 0.000054790526 0.007800857295 0.000054790526 0.007800857295
0.000269000000 0.000054798257 0.007660850159 0.000054798257 0.007660850159
0.000270000000 0.000054805849 0.007523355823 0.000054805849 0.007523355823
0.000271000000 0.000054813305 0.007388329190 0.000054813305 0.007388329190
0.000272000000 0.000054820626 0.007255725968 0.000054820626 0.007255725968
0.000273000000 0.000054827817 0.007125502664 0.000054827817 0.007125502664
0.000274000000 0.000054834878 0.006997616564 0.000054834878 0.006997616564
0.000275000000 0.000054841813 0.006872025720 0.000054841813 0.006872025720
0.000276000000 0.000054848623 0.006748688938 0.000054848623 0.006748688938
0.000277000000 0.000054855311 0.006627565762 0.000054855311 0.006627565762
0.000278000000 0.000054861879 0.006508616465 0.000054861879 0.006508616465
0.000279000000 0.000054868329 0.006391802029 0.000054868329 0.006391802029
0.000280000000 0.000054874663 0.006277084139 0.000054874663 0.006277084139
0.000281000000 0.000054880884 0.006164425167 0.000054880884 0.006164425167
0.000282000000 0.000054886993 0.006053788160 0.000054886993 0.006053788160
0.000283000000 0.000054892992 0.005945136828 0.000054892992 0.005945136828
0.000284000000 0.000054898884 0.005838435533 0.000054898884 0.005838435533
0.000285000000 0.000054904669 0.005733649278 0.000054904669 0.005733649278
0.000286000000 0.000054910352 0.005630743690 0.000054910352 0.005630743690
0.000287000000 0.000054915932 0.005529685017 0.000054915932 0.005529685017
0.000288000000 0.000054921411 0.005430440111 0.000054921411 0.005430440111
0.000289000000 0.000054926793 0.005332976418 0.000054926793 0.005332976418
0.000290000000 0.000054932078 0.005237261971 0.000054932078 0.005237261971
0.000291000000 0.000054937268 0.005143265374 0.000054937268 0.005143265374
0.000292000000 0.000054942365 0.005050955797 0.000054942365 0.005050955797
0.000293000000 0.000054947371 0.004960302960 0.000054947371 0.004960302960
0.000294000000 0.000054952286 0.004871277130 0.000054952286 0.004871277130
0.000295000000 0.000054957114 0.004783849105 0.000054957114 0.004783849105
0.000296000000 0.000054961854 0.004697990208 0.000054961854 0.004697990208
0.000297000000 0.000054966510 0.004613672278 0.000054966510 0.004613672278
0.000298000000 0.000054971082 0.004530867658 0.000054971082 0.004530867658
0.000299000000 0.000054975572 0.004449549186 0.000054975572 0.004449549186
0.000300000000 0.000054979982 0.004369690191 0.000054979982 0.004369690191
0.000301000000 0.000054984312 0.004291264478 0.000054984312 0.004291264478
0.000302000000 0.000054988565 0.004214246324 0.000054988565 0.004214246324
0.000303000000 0.000054992741 0.004138610465 0.000054992741 0.004138610465
0.000304000000 0.000054996843 0.004064332092 0.000054996843 0.004064332092
0.000305000000 0.000055000870 0.003991386843 0.000055000870 0.003991386843
0.000306000000 0.000055004826 0.003919750790 0.000055004826 0.003919750790
0.000307000000 0.000055008710 0.003849400437 0.000055008710 0.003849400437
0.000308000000 0.000055012525 0.003780312708 0.000055012525 0.003780312708
0.000309000000 0.000055016271 0.003712464942 0.000055016271 0.003712464942
0.000310000000 0.000055019950 0.003645834884 0.000055019950 0.003645834884
0.000311000000 0.000055023563 0.003580400681 0.000055023563 0.003580400681
0.000312000000 0.000055027112 0.003516140868 0.000055027112 0.003516140868
0.000313000000 0.000055030596 0.003453034368 0.000055030596 0.003453034368
0.000314000000 0.000055034018 0.003391060483 0.000055034018 0.003391060483
0.000315000000 0.000055037379 0.003330198883 0.000055037379 0.003330198883
0.000316000000 0.000055040679 0.003270429607 0.000055040679 0.003270429607
0.000317000000 0.000055043920 0.003211733050 0.000055043920 0.003211733050
0.000318000000 0.000055047103 0.003154089959 0.000055047103 0.003154089959
0.000319000000 0.000055050228 0.003097481426 0.000055050228 0.003097481426
0.000320000000 0.000055053298 0.003041888884 0.000055053298 0.003041888884
0.000321000000 0.000055056312 0.002987294097 0.000055056312 0.002987294097
0.000322000000 0.000055059273 0.002933679160 0.000055059273 0.002933679160
0.000323000000 0.000055062180 0.002881026485 0.000055062180 0.002881026485
0.000324000000 0.000055065035 0.002829318803 0.000055065035 0.002829318803
0.000325000000 0.000055067839 0.002778539152 0.000055067839 0.002778539152
0.000326000000 0.000055070593 0.002728670878 0.000055070593 0.002728670878
0.000327000000 0.000055073297 0.002679697622 0.000055073297 0.002679697622
0.000328000000 0.000055075952 0.002631603321 0.000055075952 0.002631603321
0.000329000000 0.000055078560 0.002584372201 0.000055078560 0.002584372201
0.000330000000 0.000055081121 0.002537988769 0.000055081121 0.002537988769
0.000331000000 0.000055083636 0.002492437811 0.000055083636 0.002492437811
0.000332000000 0.000055086106 0.002447704385 0.000055086106 0.002447704385
0.000333000000 0.000055088532 0.002403773821 0.000055088532 0.002403773821
0.000334000000 0.000055090914 0.002360631707 0.000055090914 0.002360631707
0.000335000000 0.000055093254 0.002318263893 0.000055093254 0.002318263893
0.000336000000 0.000055095551 0.002276656482 0.000055095551 0.002276656482
0.000337000000 0.000055097807 0.002235795827 0.000055097807 0.002235795827
0.000338000000 0.000055100023 0.002195668525 0.000055100023 0.002195668525
0.000339000000 0.000055102199 0.002156261414 0.000055102199 0.002156261414
0.000340000000 0.000055104336 0.002117561568 0.000055104336 0.002117561568
0.000341000000 0.000055106434 0.002079556295 0.000055106434 0.002079556295
0.000342000000 0.000055108495 0.002042233127 0.000055108495 0.002042233127
0.000343000000 0.000055110519 0.002005579822 0.000055110519 0.002005579822
0.000344000000 0.000055112506 0.001969584359 0.000055112506 0.001969584359
0.000345000000 0.000055114458 0.001934234929 0.000055114458 0.001934234929
0.000346000000 0.000055116375 0.001899519940 0.000055116375 0.001899519940
0.000347000000 0.000055118257 0.001865428003 0.000055118257 0.001865428003
0.000348000000 0.000055120106 0.001831947937 0.000055120106 0.001831947937
0.000349000000 0.000055121922 0.001799068759 0.000055121922 0.001799068759
0.000350000000 0.000055123704 0.001766779686 0.000055123704 0.001766779686
0.000351000000 0.000055125455 0.001735070126 0.000055125455 0.001735070126
0.000352000000 0.000055127175 0.001703929678 0.000055127175 0.001703929678
0.000353000000 0.000055128863 0.001673348129 0.000055128863 0.001673348129
0.000354000000 0.000055130522 0.001643315447 0.000055130522 0.001643315447
0.000355000000 0.000055132150 0.001613821781 0.000055132150 0.001613821781
0.000356000000 0.000055133749 0.001584857457 0.000055133749 0.001584857457
0.000357000000 0.000055135320 0.001556412976 0.000055135320 0.001556412976
0.000358000000 0.000055136862 0.001528479006 0.000055136862 0.001528479006
0.000359000000 0.000055138377 0.001501046386 0.000055138377 0.001501046386
0.000360000000 0.000055139865 0.001474106116 0.000055139865 0.001474106116
0.000361000000 0.000055141325 0.001447649362 0.000055141325 0.001447649362
0.000362000000 0.000055142760 0.001421667445 0.000055142760 0.001421667445
0.000363000000 0.000055144169 0.001396151842 0.000055144169 0.001396151842
0.000364000000 0.000055145553 0.001371094184 0.000055145553 0.001371094184
0.000365000000 0.000055146911 0.001346486253 0.000055146911 0.001346486253
0.000366000000 0.000055148246 0.001322319976 0.000055148246 0.001322319976
0.000367000000 0.000055149556 0.001298587428 0.000055149556 0.001298587428
0.000368000000 0.000055150843 0.001275280823 0.000055150843 0.001275280823
0.000369000000 0.000055152107 0.001252392518 0.000055152107 0.001252392518
0.000370000000 0.000055153348 0.001229915004 0.000055153348 0.001229915004
0.000371000000 0.000055154567 0.001207840908 0.000055154567 0.001207840908
0.000372000000 0.000055155764 0.001186162991 0.000055155764 0.001186162991
0.000373000000 0.000055156939 0.001164874142 0.000055156939 0.001164874142
0.000374000000 0.000055158094 0.001143967378 0.000055158094 0.001143967378
0.000375000000 0.000055159227 0.001123435841 0.000055159227 0.001123435841
0.000376000000 0.000055160341 0.001103272798 0.000055160341 0.001103272798
0.000377000000 0.000055161434 0.001083471633 0.000055161434 0.001083471633
0.000378000000 0.000055162508 0.001064025854 0.000055162508 0.001064025854
0.000379000000 0.000055163562 0.001044929080 0.000055163562 0.001044929080
0.000380000000 0.000055164598 0.001026175049 0.000055164598 0.001026175049
0.000381000000 0.000055165615 0.001007757609 0.000055165615 0.001007757609
0.000382000000 0.000055166613 0.000989670719 0.000055166613 0.000989670719
0.000383000000 0.000055167594 0.000971908446 0.000055167594 0.000971908446
0.000384000000 0.000055168557 0.000954464965 0.000055168557 0.000954464965
0.000385000000 0.000055169503 0.000937334553 0.000055169503 0.000937334553
0.000386000000 0.000055170432 0.000920511592 0.000055170432 0.000920511592
0.000387000000 0.000055171344 0.000903990563 0.000055171344 0.000903990563
0.000388000000 0.000055172240 0.000887766049 0.000055172240 0.000887766049
0.000389000000 0.000055173120 0.000871832726 0.000055173120 0.000871832726
0.000390000000 0.000055173984 0.000856185370 0.000055173984 0.000856185370
0.000391000000 0.000055174832 0.000840818847 0.000055174832 0.000840818847
0.000392000000 0.000055175666 0.000825728117 0.000055175666 0.000825728117
0.000393000000 0.000055176484 0.000810908230 0.000055176484 0.000810908230
0.000394000000 0.000055177287 0.000796354325 0.000055177287 0.000796354325
0.000395000000 0.000055178077 0.000782061629 0.000055178077 0.000782061629
0.000396000000 0.000055178852 0.000768025454 0.000055178852 0.000768025454
0.000397000000 0.000055179613 0.000754241195 0.000055179613 0.000754241195
0.000398000000 0.000055180360 0.000740704331 0.000055180360 0.000740704331
0.000399000000 0.000055181094 0.000727410422 0.000055181094 0.000727410422
0.000400000000 0.000055181815 0.000714355108 0.000055181815 0.000714355108
0.000401000000 0.000055182523 0.000701534106 0.000055182523 0.000701534106
0.000402000000 0.000055183218 0.000688943211 0.000055183218 0.000688943211
0.000403000000 0.000055183901 0.000676578293 0.000055183901 0.000676578293
0.000404000000 0.000055184571 0.000664435296 0.000055184571 0.000664435296
0.000405000000 0.000055185230 0.000652510238 0.000055185230 0.000652510238
0.000406000000 0.000055185877 0.000640799207 0.000055185877 0.000640799207
0.000407000000 0.000055186512 0.000629298361 0.000055186512 0.000629298361
0.000408000000 0.000055187135 0.000618003928 0.000055187135 0.000618003928
0.000409000000 0.000055187748 0.000606912204 0.000055187748 0.000606912204
0.000410000000 0.000055188349 0.000596019551 0.000055188349 0.000596019551
0.000411000000 0.000055188940 0.000585322395 0.000055188940 0.000585322395
0.000412000000 0.000055189520 0.000574817229 0.000055189520 0.000574817229
0.000413000000 0.000055190089 0.000564500605 0.000055190089 0.000564500605
0.000414000000 0.000055190649 0.000554369140 0.000055190649 0.000554369140
0.000415000000 0.000055191198 0.000544419512 0.000055191198 0.000544419512
0.000416000000 0.000055191738 0.000534648456 0.000055191738 0.000534648456
0.000417000000 0.000055192268 0.000525052768 0.000055192268 0.000525052768
0.000418000000 0.000055192788 0.000515629300 0.000055192788 0.000515629300
0.000419000000 0.000055193299 0.000506374961 0.000055193299 0.000506374961
0.000420000000 0.000055193801 0.000497286716 0.000055193801 0.000497286716
0.000421000000 0.000055194294 0.000488361583 0.000055194294 0.000488361583
0.000422000000 0.000055194778 0.000479596636 0.000055194778 0.000479596636
0.000423000000 0.000055195253 0.000470988999 0.000055195253 0.000470988999
0.000424000000 0.000055195720 0.000462535849 0.000055195720 0.000462535849
0.000425000000 0.000055196178 0.000454234414 0.000055196178 0.000454234414
0.000426000000 0.000055196628 0.000446081969 0.000055196628 0.000446081969
0.000427000000 0.000055197070 0.000438075842 0.000055197070 0.000438075842
0.000428000000 0.000055197504 0.000430213406 0.000055197504 0.000430213406
0.000429000000 0.000055197931 0.000422492083 0.000055197931 0.000422492083
0.000430000000 0.000055198349 0.000414909339 0.000055198349 0.000414909339
0.000431000000 0.000055198761 0.000407462687 0.000055198761 0.000407462687
0.000432000000 0.000055199164 0.000400149686 0.000055199164 0.000400149686
0.000433000000 0.000055199561 0.000392967936 0.000055199561 0.000392967936
0.000434000000 0.000055199950 0.000385915081 0.000055199950 0.000385915081
0.000435000000 0.000055200333 0.000378988809 0.000055200333 0.000378988809
0.000436000000 0.000055200708 0.000372186847 0.000055200708 0.000372186847
0.000437000000 0.000055201077 0.000365506964 0.000055201077 0.000365506964
0.000438000000 0.000055201439 0.000358946970 0.000055201439 0.000358946970
0.000439000000 0.000055201795 0.000352504712 0.000055201795 0.000352504712
0.000440000000 0.000055202144 0.000346178078 0.000055202144 0.000346178078
0.000441000000 0.000055202487 0.000339964992 0.000055202487 0.000339964992
0.000442000000 0.000055202824 0.000333863416 0.000055202824 0.000333863416
0.000443000000 0.000055203155 0.000327871349 0.000055203155 0.000327871349
0.000444000000 0.000055203480 0.000321986826 0.000055203480 0.000321986826
0.000445000000 0.000055203799 0.000316207916 0.000055203799 0.000316207916
0.000446000000 0.000055204113 0.000310532724 0.000055204113 0.000310532724
0.000447000000 0.000055204420 0.000304959389 0.000055204420 0.000304959389
0.000448000000 0.000055204723 0.000299486082 0.000055204723 0.000299486082
0.000449000000 0.000055205019 0.000294111008 0.000055205019 0.000294111008
0.000450000000 0.000055205311 0.000288832404 0.000055205311 0.000288832404
0.000451000000 0.000055205597 0.000283648538 0.000055205597 0.000283648538
0.000452000000 0.000055205878 0.000278557711 0.000055205878 0.000278557711
0.000453000000 0.000055206154 0.000273558252 0.000055206154 0.000273558252
0.000454000000 0.000055206425 0.000268648522 0.000055206425 0.000268648522
0.000455000000 0.000055206692 0.000263826910 0.000055206692 0.000263826910
0.000456000000 0.000055206953 0.000259091834 0.000055206953 0.000259091834
0.000457000000 0.000055207210 0.000254441742 0.000055207210 0.000254441742
0.000458000000 0.000055207462 0.000249875109 0.000055207462 0.000249875109
0.000459000000 0.000055207710 0.000245390435 0.000055207710 0.000245390435
0.000460000000 0.000055207953 0.000240986252 0.000055207953 0.000240986252
0.000461000000 0.000055208192 0.000236661112 0.000055208192 0.000236661112
0.000462000000 0.000055208426 0.000232413599 0.000055208426 0.000232413599
0.000463000000 0.000055208656 0.000228242319 0.000055208656 0.000228242319
0.000464000000 0.000055208883 0.000224145904 0.000055208883 0.000224145904
0.000465000000 0.000055209105 0.000220123010 0.000055209105 0.000220123010
0.000466000000 0.000055209323 0.000216172317 0.000055209323 0.000216172317
0.000467000000 0.000055209537 0.000212292530 0.000055209537 0.000212292530
0.000468000000 0.000055209747 0.000208482376 0.000055209747 0.000208482376
0.000469000000 0.000055209954 0.000204740606 0.000055209954 0.000204740606
0.000470000000 0.000055210157 0.000201065991 0.000055210157 0.000201065991
0.000471000000 0.000055210356 0.000197457327 0.000055210356 0.000197457327
0.000472000000 0.000055210552 0.000193913430 0.000055210552 0.000193913430
0.000473000000 0.000055210744 0.000190433138 0.000055210744 0.000190433138
0.000474000000 0.000055210933 0.000187015309 0.000055210933 0.000187015309
0.000475000000 0.000055211118 0.000183658822 0.000055211118 0.000183658822
0.000476000000 0.000055211300 0.000180362576 0.000055211300 0.000180362576
0.000477000000 0.000055211479 0.000177125490 0.000055211479 0.000177125490
0.000478000000 0.000055211654 0.000173946502 0.000055211654 0.000173946502
0.000479000000 0.000055211827 0.000170824570 0.000055211827 0.000170824570
0.000480000000 0.000055211996 0.000167758669 0.000055211996 0.000167758669
0.000481000000 0.000055212162 0.000164747793 0.000055212162 0.000164747793
0.000482000000 0.000055212326 0.000161790956 0.000055212326 0.000161790956
0.000483000000 0.000055212486 0.000158887187 0.000055212486 0.000158887187
0.000484000000 0.000055212643 0.000156035534 0.000055212643 0.000156035534
0.000485000000 0.000055212798 0.000153235062 0.000055212798 0.000153235062
0.000486000000 0.000055212950 0.000150484851 0.000055212950 0.000150484851
0.000487000000 0.000055213099 0.000147784000 0.000055213099 0.000147784000
0.000488000000 0.000055213245 0.000145131623 0.000055213245 0.000145131623
0.000489000000 0.000055213389 0.000142526850 0.000055213389 0.000142526850
0.000490000000 0.000055213530 0.000139968827 0.000055213530 0.000139968827
0.000491000000 0.000055213669 0.000137456714 0.000055213669 0.000137456714
0.000492000000 0.000055213805 0.000134989688 0.000055213805 0.000134989688
0.000493000000 0.000055213939 0.000132566939 0.000055213939 0.000132566939
0.000494000000 0.000055214071 0.000130187673 0.000055214071 0.000130187673
0.000495000000 0.000055214200 0.000127851109 0.000055214200 0.000127851109
0.000496000000 0.000055214326 0.000125556481 0.000055214326 0.000125556481
0.000497000000 0.000055214451 0.000123303036 0.000055214451 0.000123303036
0.000498000000 0.000055214573 0.000121090035 0.000055214573 0.000121090035
0.000499000000 0.000055214693 0.000118916752 0.000055214693 0.000118916752
0.000500000000 0.000055214811 0.000116782475 0.000055214811 0.000116782475
0.000501000000 0.000055214926 0.000114686503 0.000055214926 0.000114686503
0.000502000000 0.000055215040 0.000112628149 0.000055215040 0.000112628149
0.000503000000 0.000055215152 0.000110606737 0.000055215152 0.000110606737
0.000504000000 0.000055215261 0.000108621605 0.000055215261 0.000108621605
0.000505000000 0.000055215369 0.000106672102 0.000055215369 0.000106672102
0.000506000000 0.000055215475 0.000104757587 0.000055215475 0.000104757587
0.000507000000 0.000055215579 0.000102877434 0.000055215579 0.000102877434
0.000508000000 0.000055215680 0.000101031025 0.000055215680 0.000101031025
0.000509000000 0.000055215781 0.000099217754 0.000055215781 0.000099217754
0.000510000000 0.000055215879 0.000097437028 0.000055215879 0.000097437028
0.000511000000 0.000055215975 0.000095688261 0.000055215975 0.000095688261
0.000512000000 0.000055216070 0.000093970881 0.000055216070 0.000093970881
0.000513000000 0.000055216163 0.000092284324 0.000055216163 0.000092284324
0.000514000000 0.000055216255 0.000090628036 0.000055216255 0.000090628036
0.000515000000 0.000055216345 0.000089001475 0.000055216345 0.000089001475
0.000516000000 0.000055216433 0.000087404107 0.000055216433 0.000087404107
0.000517000000 0.000055216520 0.000085835408 0.000055216520 0.000085835408
0.000518000000 0.000055216605 0.000084294863 0.000055216605 0.000084294863
0.000519000000 0.000055216688 0.000082781968 0.000055216688 0.000082781968
0.000520000000 0.000055216770 0.000081296225 0.000055216770 0.000081296225
0.000521000000 0.000055216851 0.000079837148 0.000055216851 0.000079837148
0.000522000000 0.000055216930 0.000078404258 0.000055216930 0.000078404258
0.000523000000 0.000055217008 0.000076997085 0.000055217008 0.000076997085
0.000524000000 0.000055217084 0.000075615168 0.000055217084 0.000075615168
0.000525000000 0.000055217159 0.000074258053 0.000055217159 0.000074258053
0.000526000000 0.000055217232 0.000072925294 0.000055217232 0.000072925294
0.000527000000 0.000055217305 0.000071616456 0.000055217305 0.000071616456
0.000528000000 0.000055217376 0.000070331108 0.000055217376 0.000070331108
0.000529000000 0.000055217445 0.000069068830 0.000055217445 0.000069068830
0.000530000000 0.000055217514 0.000067829206 0.000055217514 0.000067829206
0.000531000000 0.000055217581 0.000066611830 0.000055217581 0.000066611830
0.000532000000 0.000055217647 0.000065416304 0.000055217647 0.000065416304
0.000533000000 0.000055217712 0.000064242234 0.000055217712 0.000064242234
0.000534000000 0.000055217775 0.000063089237 0.000055217775 0.000063089237
0.000535000000 0.000055217838 0.000061956933 0.000055217838 0.000061956933
0.000536000000 0.000055217899 0.000060844951 0.000055217899 0.000060844951
0.000537000000 0.000055217960 0.000059752926 0.000055217960 0.000059752926
0.000538000000 0.000055218019 0.000058680501 0.000055218019 0.000058680501
0.000539000000 0.000055218077 0.000057627324 0.000055218077 0.000057627324
0.000540000000 0.000055218134 0.000056593048 0.000055218134 0.000056593048
0.000541000000 0.000055218190 0.000055577335 0.000055218190 0.000055577335
0.000542000000 0.000055218245 0.000054579852 0.000055218245 0.000054579852
0.000543000000 0.000055218299 0.000053600272 0.000055218299 0.000053600272
0.000544000000 0.000055218353 0.000052638272 0.000055218353 0.000052638272
0.000545000000 0.000055218405 0.000051693538 0.000055218405 0.000051693538
0.000546000000 0.000055218456 0.000050765760 0.000055218456 0.000050765760
0.000547000000 0.000055218506 0.000049854634 0.000055218506 0.000049854634
0.000548000000 0.000055218556 0.000048959860 0.000055218556 0.000048959860
0.000549000000 0.000055218604 0.000048081145 0.000055218604 0.000048081145
0.000550000000 0.000055218652 0.000047218201 0.000055218652 0.000047218201
0.000551000000 0.000055218699 0.000046370745 0.000055218699 0.000046370745
0.000552000000 0.000055218745 0.000045538499 0.000055218745 0.000045538499
0.000553000000 0.000055218790 0.000044721189 0.000055218790 0.000044721189
0.000554000000 0.000055218834 0.000043918548 0.000055218834 0.000043918548
0.000555000000 0.000055218878 0.000043130313 0.000055218878 0.000043130313
0.000556000000 0.000055218920 0.000042356225 0.000055218920 0.000042356225
0.000557000000 0.000055218962 0.000041596030 0.000055218962 0.000041596030
0.000558000000 0.000055219003 0.000040849479 0.000055219003 0.000040849479
0.000559000000 0.000055219044 0.000040116326 0.000055219044 0.000040116326
0.000560000000 0.000055219084 0.000039396332 0.000055219084 0.000039396332
0.000561000000 0.000055219123 0.000038689260 0.000055219123 0.000038689260
0.000562000000 0.000055219161 0.000037994878 0.000055219161 0.000037994878
0.000563000000 0.000055219199 0.000037312959 0.000055219199 0.000037312959
0.000564000000 0.000055219236 0.000036643279 0.000055219236 0.000036643279
0.000565000000 0.000055219272 0.000035985618 0.000055219272 0.000035985618
0.000566000000 0.000055219308 0.000035339760 0.000055219308 0.000035339760
0.000567000000 0.000055219343 0.000034705494 0.000055219343 0.000034705494
0.000568000000 0.000055219377 0.000034082612 0.000055219377 0.000034082612
0.000569000000 0.000055219411 0.000033470909 0.000055219411 0.000033470909
0.000570000000 0.000055219444 0.000032870185 0.000055219444 0.000032870185
0.000571000000 0.000055219477 0.000032280242 0.000055219477 0.000032280242
0.000572000000 0.000055219509 0.000031700887 0.000055219509 0.000031700887
0.000573000000 0.000055219540 0.000031131930 0.000055219540 0.000031131930
0.000574000000 0.000055219571 0.000030573185 0.000055219571 0.000030573185
0.000575000000 0.000055219601 0.000030024468 0.000055219601 0.000030024468
0.000576000000 0.000055219631 0.000029485599 0.000055219631 0.000029485599
0.000577000000 0.000055219660 0.000028956401 0.000055219660 0.000028956401
0.000578000000 0.000055219689 0.000028436702 0.000055219689 0.000028436702
0.000579000000 0.000055219717 0.000027926330 0.000055219717 0.000027926330
0.000580000000 0.000055219745 0.000027425117 0.000055219745 0.000027425117
0.000581000000 0.000055219772 0.000026932901 0.000055219772 0.000026932901
0.000582000000 0.000055219799 0.000026449518 0.000055219799 0.000026449518
0.000583000000 0.000055219825 0.000025974811 0.000055219825 0.000025974811
0.000584000000 0.000055219851 0.000025508624 0.000055219851 0.000025508624
0.000585000000 0.000055219876 0.000025050804 0.000055219876 0.000025050804
0.000586000000 0.000055219901 0.000024601201 0.000055219901 0.000024601201
0.000587000000 0.000055219925 0.000024159667 0.000055219925 0.000024159667
0.000588000000 0.000055219949 0.000023726057 0.000055219949 0.000023726057
0.000589000000 0.000055219972 0.000023300230 0.000055219972 0.000023300230
0.000590000000 0.000055219996 0.000022882046 0.000055219996 0.000022882046
0.000591000000 0.000055220018 0.000022471366 0.000055220018 0.000022471366
0.000592000000 0.000055220040 0.000022068058 0.000055220040 0.000022068058
0.000593000000 0.000055220062 0.000021671988 0.000055220062 0.000021671988
0.000594000000 0.000055220084 0.000021283027 0.000055220084 0.000021283027
0.000595000000 0.000055220105 0.000020901046 0.000055220105 0.000020901046
0.000596000000 0.000055220126 0.000020525921 0.000055220126 0.000020525921
0.000597000000 0.000055220146 0.000020157529 0.000055220146 0.000020157529
0.000598000000 0.000055220166 0.000019795749 0.000055220166 0.000019795749
0.000599000000 0.000055220186 0.000019440461 0.000055220186 0.000019440461
0.000600000000 0.000055220205 0.000019091550 0.000055220205 0.000019091550
0.000601000000 0.000055220224 0.000018748902 0.000055220224 0.000018748902
0.000602000000 0.000055220242 0.000018412403 0.000055220242 0.000018412403
0.000603000000 0.000055220261 0.000018081943 0.000055220261 0.000018081943
0.000604000000 0.000055220279 0.000017757415 0.000055220279 0.000017757415
0.000605000000 0.000055220296 0.000017438711 0.000055220296 0.000017438711
0.000606000000 0.000055220313 0.000017125727 0.000055220313 0.000017125727
0.000607000000 0.000055220330 0.000016818360 0.000055220330 0.000016818360
0.000608000000 0.000055220347 0.000016516510 0.000055220347 0.000016516510
0.000609000000 0.000055220363 0.000016220077 0.000055220363 0.000016220077
0.000610000000 0.000055220379 0.000015928965 0.000055220379 0.000015928965
0.000611000000 0.000055220395 0.000015643077 0.000055220395 0.000015643077
0.000612000000 0.000055220411 0.000015362321 0.000055220411 0.000015362321
0.000613000000 0.000055220426 0.000015086603 0.000055220426 0.000015086603
0.000614000000 0.000055220441 0.000014815834 0.000055220441 0.000014815834
0.000615000000 0.000055220456 0.000014549924 0.000055220456 0.000014549924
0.000616000000 0.000055220470 0.000014288787 0.000055220470 0.000014288787
0.000617000000 0.000055220484 0.000014032337 0.000055220484 0.000014032337
0.000618000000 0.000055220498 0.000013780489 0.000055220498 0.000013780489
0.000619000000 0.000055220512 0.000013533162 0.000055220512 0.000013533162
0.000620000000 0.000055220525 0.000013290273 0.000055220525 0.000013290273
0.000621000000 0.000055220538 0.000013051744 0.000055220538 0.000013051744
0.000622000000 0.000055220551 0.000012817496 0.000055220551 0.000012817496
0.000623000000 0.000055220564 0.000012587451 0.000055220564 0.000012587451
0.000624000000 0.000055220576 0.000012361536 0.000055220576 0.000012361536
0.000625000000 0.000055220589 0.000012139676 0.000055220589 0.000012139676
0.000626000000 0.000055220601 0.000011921797 0.000055220601 0.000011921797
0.000627000000 0.000055220613 0.000011707828 0.000055220613 0.000011707828
0.000628000000 0.000055220624 0.000011497700 0.000055220624 0.000011497700
0.000629000000 0.000055220636 0.000011291344 0.000055220636 0.000011291344
0.000630000000 0.000055220647 0.000011088690 0.000055220647 0.000011088690
0.000631000000 0.000055220658 0.000010889674 0.000055220658 0.000010889674
0.000632000000 0.000055220669 0.000010694230 0.000055220669 0.000010694230
0.000633000000 0.000055220679 0.000010502294 0.000055220679 0.000010502294
0.000634000000 0.000055220690 0.000010313802 0.000055220690 0.000010313802
0.000635000000 0.000055220700 0.000010128694 0.000055220700 0.000010128694
0.000636000000 0.000055220710 0.000009946907 0.000055220710 0.000009946907
0.000637000000 0.000055220720 0.000009768384 0.000055220720 0.000009768384
0.000638000000 0.000055220729 0.000009593064 0.000055220729 0.000009593064
0.000639000000 0.000055220739 0.000009420891 0.000055220739 0.000009420891
0.000640000000 0.000055220748 0.000009251808 0.000055220748 0.000009251808
0.000641000000 0.000055220757 0.000009085760 0.000055220757 0.000009085760
0.000642000000 0.000055220766 0.000008922692 0.000055220766 0.000008922692
0.000643000000 0.000055220775 0.000008762550 0.000055220775 0.000008762550
0.000644000000 0.000055220784 0.000008605283 0.000055220784 0.000008605283
0.000645000000 0.000055220792 0.000008450838 0.000055220792 0.000008450838
0.000646000000 0.000055220801 0.000008299165 0.000055220801 0.000008299165
0.000647000000 0.000055220809 0.000008150215 0.000055220809 0.000008150215
0.000648000000 0.000055220817 0.000008003938 0.000055220817 0.000008003938
0.000649000000 0.000055220825 0.000007860286 0.000055220825 0.000007860286
0.000650000000 0.000055220833 0.000007719212 0.000055220833 0.000007719212
0.000651000000 0.000055220840 0.000007580670 0.000055220840 0.000007580670
0.000652000000 0.000055220848 0.000007444615 0.000055220848 0.000007444615
0.000653000000 0.000055220855 0.000007311001 0.000055220855 0.000007311001
0.000654000000 0.000055220863 0.000007179786 0.000055220863 0.000007179786
0.000655000000 0.000055220870 0.000007050926 0.000055220870 0.000007050926
0.000656000000 0.000055220877 0.000006924378 0.000055220877 0.000006924378
0.000657000000 0.000055220884 0.000006800102 0.000055220884 0.000006800102
0.000658000000 0.000055220890 0.000006678056 0.000055220890 0.000006678056
0.000659000000 0.000055220897 0.000006558200 0.000055220897 0.000006558200
0.000660000000 0.000055220903 0.000006440496 0.000055220903 0.000006440496
0.000661000000 0.000055220910 0.000006324904 0.000055220910 0.000006324904
0.000662000000 0.000055220916 0.000006211387 0.000055220916 0.000006211387
0.000663000000 0.000055220922 0.000006099907 0.000055220922 0.000006099907
0.000664000000 0.000055220928 0.000005990428 0.000055220928 0.000005990428
0.000665000000 0.000055220934 0.000005882914 0.000055220934 0.000005882914
0.000666000000 0.000055220940 0.000005777329 0.000055220940 0.000005777329
0.000667000000 0.000055220946 0.000005673640 0.000055220946 0.000005673640
0.000668000000 0.000055220951 0.000005571811 0.000055220951 0.000005571811
0.000669000000 0.000055220957 0.000005471810 0.000055220957 0.000005471810
0.000670000000 0.000055220962 0.000005373604 0.000055220962 0.000005373604
0.000671000000 0.000055220968 0.000005277160 0.000055220968 0.000005277160
0.000672000000 0.000055220973 0.000005182448 0.000055220973 0.000005182448
0.000673000000 0.000055220978 0.000005089435 0.000055220978 0.000005089435
0.000674000000 0.000055220983 0.000004998092 0.000055220983 0.000004998092
0.000675000000 0.000055220988 0.000004908388 0.000055220988 0.000004908388
0.000676000000 0.000055220993 0.000004820293 0.000055220993 0.000004820293
0.000677000000 0.000055220998 0.000004733780 0.000055220998 0.000004733780
0.000678000000 0.000055221002 0.000004648820 0.000055221002 0.000004648820
0.000679000000 0.000055221007 0.000004565385 0.000055221007 0.000004565385
0.000680000000 0.000055221011 0.000004483447 0.000055221011 0.000004483447
0.000681000000 0.000055221016 0.000004402979 0.000055221016 0.000004402979
0.000682000000 0.000055221020 0.000004323956 0.000055221020 0.000004323956
0.000683000000 0.000055221025 0.000004246351 0.000055221025 0.000004246351
0.000684000000 0.000055221029 0.000004170139 0.000055221029 0.000004170139
0.000685000000 0.000055221033 0.000004095295 0.000055221033 0.000004095295
0.000686000000 0.000055221037 0.000004021794 0.000055221037 0.000004021794
0.000687000000 0.000055221041 0.000003949612 0.000055221041 0.000003949612
0.000688000000 0.000055221045 0.000003878726 0.000055221045 0.000003878726
0.000689000000 0.000055221049 0.000003809112 0.000055221049 0.000003809112
0.000690000000 0.000055221052 0.000003740747 0.000055221052 0.000003740747
0.000691000000 0.000055221056 0.000003673610 0.000055221056 0.000003673610
0.000692000000 0.000055221060 0.000003607677 0.000055221060 0.000003607677
0.000693000000 0.000055221063 0.000003542928 0.000055221063 0.000003542928
0.000694000000 0.000055221067 0.000003479340 0.000055221067 0.000003479340
0.000695000000 0.000055221070 0.000003416894 0.000055221070 0.000003416894
0.000696000000 0.000055221074 0.000003355569 0.000055221074 0.000003355569
0.000697000000 0.000055221077 0.000003295344 0.000055221077 0.000003295344
0.000698000000 0.000055221080 0.000003236201 0.000055221080 0.000003236201
0.000699000000 0.000055221084 0.000003178119 0.000055221084 0.000003178119
0.000700000000 0.000055221087 0.000003121079 0.000055221087 0.000003121079
0.000701000000 0.000055221090 0.000003065063 0.000055221090 0.000003065063
0.000702000000 0.000055221093 0.000003010052 0.000055221093 0.000003010052
0.000703000000 0.000055221096 0.000002956029 0.000055221096 0.000002956029
0.000704000000 0.000055221099 0.000002902975 0.000055221099 0.000002902975
0.000705000000 0.000055221102 0.000002850873 0.000055221102 0.000002850873
0.000706000000 0.000055221104 0.000002799707 0.000055221104 0.000002799707
0.000707000000 0.000055221107 0.000002749459 0.000055221107 0.000002749459
0.000708000000 0.000055221110 0.000002700112 0.000055221110 0.000002700112
0.000709000000 0.000055221113 0.000002651651 0.000055221113 0.000002651651
0.000710000000 0.000055221115 0.000002604061 0.000055221115 0.000002604061
0.000711000000 0.000055221118 0.000002557324 0.000055221118 0.000002557324
0.000712000000 0.000055221120 0.000002511426 0.000055221120 0.000002511426
0.000713000000 0.000055221123 0.000002466352 0.000055221123 0.000002466352
0.000714000000 0.000055221125 0.000002422086 0.000055221125 0.000002422086
0.000715000000 0.000055221128 0.000002378616 0.000055221128 0.000002378616
0.000716000000 0.000055221130 0.000002335925 0.000055221130 0.000002335925
0.000717000000 0.000055221132 0.000002294001 0.000055221132 0.000002294001
0.000718000000 0.000055221135 0.000002252829 0.000055221135 0.000002252829
0.000719000000 0.000055221137 0.000002212396 0.000055221137 0.000002212396
0.000720000000 0.000055221139 0.000002172688 0.000055221139 0.000002172688
0.000721000000 0.000055221141 0.000002133694 0.000055221141 0.000002133694
0.000722000000 0.000055221143 0.000002095399 0.000055221143 0.000002095399
0.000723000000 0.000055221145 0.000002057791 0.000055221145 0.000002057791
0.000724000000 0.000055221147 0.000002020859 0.000055221147 0.000002020859
0.000725000000 0.000055221149 0.000001984589 0.000055221149 0.000001984589
0.000726000000 0.000055221151 0.000001948970 0.000055221151 0.000001948970
0.000727000000 0.000055221153 0.000001913991 0.000055221153 0.000001913991
0.000728000000 0.000055221155 0.000001879639 0.000055221155 0.000001879639
0.000729000000 0.000055221157 0.000001845904 0.000055221157 0.000001845904
0.000730000000 0.000055221159 0.000001812774 0.000055221159 0.000001812774
0.000731000000 0.000055221161 0.000001780239 0.000055221161 0.000001780239
0.000732000000 0.000055221162 0.000001748288 0.000055221162 0.000001748288
0.000733000000 0.000055221164 0.000001716911 0.000055221164 0.000001716911
0.000734000000 0.000055221166 0.000001686096 0.000055221166 0.000001686096
0.000735000000 0.000055221168 0.000001655835 0.000055221168 0.000001655835
0.000736000000 0.000055221169 0.000001626116 0.000055221169 0.000001626116
0.000737000000 0.000055221171 0.000001596931 0.000055221171 0.000001596931
0.000738000000 0.000055221172 0.000001568270 0.000055221172 0.000001568270
0.000739000000 0.000055221174 0.000001540123 0.000055221174 0.000001540123
0.000740000000 0.000055221175 0.000001512482 0.000055221175 0.000001512482
0.000741000000 0.000055221177 0.000001485336 0.000055221177 0.000001485336
0.000742000000 0.000055221178 0.000001458678 0.000055221178 0.000001458678
0.000743000000 0.000055221180 0.000001432498 0.000055221180 0.000001432498
0.000744000000 0.000055221181 0.000001406788 0.000055221181 0.000001406788
0.000745000000 0.000055221183 0.000001381540 0.000055221183 0.000001381540
0.000746000000 0.000055221184 0.000001356744 0.000055221184 0.000001356744
0.000747000000 0.000055221185 0.000001332394 0.000055221185 0.000001332394
0.000748000000 0.000055221187 0.000001308480 0.000055221187 0.000001308480
0.000749000000 0.000055221188 0.000001284996 0.000055221188 0.000001284996
0.000750000000 0.000055221189 0.000001261934 0.000055221189 0.000001261934
0.000751000000 0.000055221191 0.000001239285 0.000055221191 0.000001239285
0.000752000000 0.000055221192 0.000001217043 0.000055221192 0.000001217043
0.000753000000 0.000055221193 0.000001195199 0.000055221193 0.000001195199
0.000754000000 0.000055221194 0.000001173748 0.000055221194 0.000001173748
0.000755000000 0.000055221195 0.000001152682 0.000055221195 0.000001152682
0.000756000000 0.000055221196 0.000001131994 0.000055221196 0.000001131994
0.000757000000 0.000055221198 0.000001111678 0.000055221198 0.000001111678
0.000758000000 0.000055221199 0.000001091726 0.000055221199 0.000001091726
0.000759000000 0.000055221200 0.000001072132 0.000055221200 0.000001072132
0.000760000000 0.000055221201 0.000001052890 0.000055221201 0.000001052890
0.000761000000 0.000055221202 0.000001033993 0.000055221202 0.000001033993
0.000762000000 0.000055221203 0.000001015435 0.000055221203 0.000001015435
0.000763000000 0.000055221204 0.000000997210 0.000055221204 0.000000997210
0.000764000000 0.000055221205 0.000000979313 0.000055221205 0.000000979313
0.000765000000 0.000055221206 0.000000961736 0.000055221206 0.000000961736
0.000766000000 0.000055221207 0.000000944475 0.000055221207 0.000000944475
0.000767000000 0.000055221208 0.000000927524 0.000055221208 0.000000927524
0.000768000000 0.000055221209 0.000000910877 0.000055221209 0.000000910877
0.000769000000 0.000055221210 0.000000894529 0.000055221210 0.000000894529
0.000770000000 0.000055221210 0.000000878475 0.000055221210 0.000000878475
0.000771000000 0.000055221211 0.000000862708 0.000055221211 0.000000862708
0.000772000000 0.000055221212 0.000000847224 0.000055221212 0.000000847224
0.000773000000 0.000055221213 0.000000832019 0.000055221213 0.000000832019
0.000774000000 0.000055221214 0.000000817086 0.000055221214 0.000000817086
0.000775000000 0.000055221215 0.000000802421 0.000055221215 0.000000802421
0.000776000000 0.000055221215 0.000000788020 0.000055221215 0.000000788020
0.000777000000 0.000055221216 0.000000773876 0.000055221216 0.000000773876
0.000778000000 0.000055221217 0.000000759987 0.000055221217 0.000000759987
0.000779000000 0.000055221218 0.000000746347 0.000055221218 0.000000746347
0.000780000000 0.000055221219 0.000000732952 0.000055221219 0.000000732952
0.000781000000 0.000055221219 0.000000719797 0.000055221219 0.000000719797
0.000782000000 0.000055221220 0.000000706879 0.000055221220 0.000000706879
0.000783000000 0.000055221221 0.000000694192 0.000055221221 0.000000694192
0.000784000000 0.000055221221 0.000000681733 0.000055221221 0.000000681733
0.000785000000 0.000055221222 0.000000669497 0.000055221222 0.000000669497
0.000786000000 0.000055221223 0.000000657481 0.000055221223 0.000000657481
0.000787000000 0.000055221223 0.000000645681 0.000055221223 0.000000645681
0.000788000000 0.000055221224 0.000000634093 0.000055221224 0.000000634093
0.000789000000 0.000055221225 0.000000622712 0.000055221225 0.000000622712
0.000790000000 0.000055221225 0.000000611536 0.000055221225 0.000000611536
0.000791000000 0.000055221226 0.000000600560 0.000055221226 0.000000600560
0.000792000000 0.000055221226 0.000000589782 0.000055221226 0.000000589782
0.000793000000 0.000055221227 0.000000579196 0.000055221227 0.000000579196
0.000794000000 0.000055221228 0.000000568801 0.000055221228 0.000000568801
0.000795000000 0.000055221228 0.000000558592 0.000055221228 0.000000558592
0.000796000000 0.000055221229 0.000000548567 0.000055221229 0.000000548567
0.000797000000 0.000055221229 0.000000538722 0.000055221229 0.000000538722
0.000798000000 0.000055221230 0.000000529053 0.000055221230 0.000000529053
0.000799000000 0.000055221230 0.000000519557 0.000055221230 0.000000519557
0.000800000000 0.000055221231 0.000000510233 0.000055221231 0.000000510233
0.000801000000 0.000055221231 0.000000501075 0.000055221231 0.000000501075
0.000802000000 0.000055221232 0.000000492082 0.000055221232 0.000000492082
0.000803000000 0.000055221232 0.000000483250 0.000055221232 0.000000483250
0.000804000000 0.000055221233 0.000000474577 0.000055221233 0.000000474577
0.000805000000 0.000055221233 0.000000466060 0.000055221233 0.000000466060
0.000806000000 0.000055221234 0.000000457695 0.000055221234 0.000000457695
0.000807000000 0.000055221234 0.000000449480 0.000055221234 0.000000449480
0.000808000000 0.000055221235 0.000000441413 0.000055221235 0.000000441413
0.000809000000 0.000055221235 0.000000433491 0.000055221235 0.000000433491
0.000810000000 0.000055221235 0.000000425711 0.000055221235 0.000000425711
0.000811000000 0.000055221236 0.000000418070 0.000055221236 0.000000418070
0.000812000000 0.000055221236 0.000000410567 0.000055221236 0.000000410567
0.000813000000 0.000055221237 0.000000403198 0.000055221237 0.000000403198
0.000814000000 0.000055221237 0.000000395962 0.000055221237 0.000000395962
0.000815000000 0.000055221238 0.000000388855 0.000055221238 0.000000388855
0.000816000000 0.000055221238 0.000000381876 0.000055221238 0.000000381876
0.000817000000 0.000055221238 0.000000375022 0.000055221238 0.000000375022
0.000818000000 0.000055221239 0.000000368291 0.000055221239 0.000000368291
0.000819000000 0.000055221239 0.000000361682 0.000055221239 0.000000361682
0.000820000000 0.000055221239 0.000000355190 0.000055221239 0.000000355190
0.000821000000 0.000055221240 0.000000348815 0.000055221240 0.000000348815
0.000822000000 0.000055221240 0.000000342555 0.000055221240 0.000000342555
0.000823000000 0.000055221240 0.000000336407 0.000055221240 0.000000336407
0.000824000000 0.000055221241 0.000000330369 0.000055221241 0.000000330369
0.000825000000 0.000055221241 0.000000324440 0.000055221241 0.000000324440
0.000826000000 0.000055221241 0.000000318617 0.000055221241 0.000000318617
0.000827000000 0.000055221242 0.000000312898 0.000055221242 0.000000312898
0.000828000000 0.000055221242 0.000000307283 0.000055221242 0.000000307283
0.000829000000 0.000055221242 0.000000301768 0.000055221242 0.000000301768
0.000830000000 0.000055221243 0.000000296352 0.000055221243 0.000000296352
0.000831000000 0.000055221243 0.000000291033 0.000055221243 0.000000291033
0.000832000000 0.000055221243 0.000000285809 0.000055221243 0.000000285809
0.000833000000 0.000055221243 0.000000280680 0.000055221243 0.000000280680
0.000834000000 0.000055221244 0.000000275642 0.000055221244 0.000000275642
0.000835000000 0.000055221244 0.000000270695 0.000055221244 0.000000270695
0.000836000000 0.000055221244 0.000000265837 0.000055221244 0.000000265837
0.000837000000 0.000055221245 0.000000261066 0.000055221245 0.000000261066
0.000838000000 0.000055221245 0.000000256380 0.000055221245 0.000000256380
0.000839000000 0.000055221245 0.000000251779 0.000055221245 0.000000251779
0.000840000000 0.000055221245 0.000000247260 0.000055221245 0.000000247260
0.000841000000 0.000055221246 0.000000242822 0.000055221246 0.000000242822
0.000842000000 0.000055221246 0.000000238464 0.000055221246 0.000000238464
0.000843000000 0.000055221246 0.000000234184 0.000055221246 0.000000234184
0.000844000000 0.000055221246 0.000000229981 0.000055221246 0.000000229981
0.000845000000 0.000055221247 0.000000225854 0.000055221247 0.000000225854
0.000846000000 0.000055221247 0.000000221800 0.000055221247 0.000000221800
0.000847000000 0.000055221247 0.000000217819 0.000055221247 0.000000217819
0.000848000000 0.000055221247 0.000000213910 0.000055221247 0.000000213910
0.000849000000 0.000055221247 0.000000210071 0.000055221247 0.000000210071
0.000850000000 0.000055221248 0.000000206300 0.000055221248 0.000000206300
0.000851000000 0.000055221248 0.000000202598 0.000055221248 0.000000202598
0.000852000000 0.000055221248 0.000000198962 0.000055221248 0.000000198962
0.000853000000 0.000055221248 0.000000195391 0.000055221248 0.000000195391
0.000854000000 0.000055221248 0.000000191884 0.000055221248 0.000000191884
0.000855000000 0.000055221249 0.000000188440 0.000055221249 0.000000188440
0.000856000000 0.000055221249 0.000000185058 0.000055221249 0.000000185058
0.000857000000 0.000055221249 0.000000181737 0.000055221249 0.000000181737
0.000858000000 0.000055221249 0.000000178475 0.000055221249 0.000000178475
0.000859000000 0.000055221249 0.000000175272 0.000055221249 0.000000175272
0.000860000000 0.000055221249 0.000000172126 0.000055221249 0.000000172126
0.000861000000 0.000055221250 0.000000169037 0.000055221250 0.000000169037
0.000862000000 0.000055221250 0.000000166003 0.000055221250 0.000000166003
0.000863000000 0.000055221250 0.000000163024 0.000055221250 0.000000163024
0.000864000000 0.000055221250 0.000000160098 0.000055221250 0.000000160098
0.000865000000 0.000055221250 0.000000157224 0.000055221250 0.000000157224
0.000866000000 0.000055221250 0.000000154402 0.000055221250 0.000000154402
0.000867000000 0.000055221251 0.000000151631 0.000055221251 0.000000151631
0.000868000000 0.000055221251 0.000000148910 0.000055221251 0.000000148910
0.000869000000 0.000055221251 0.000000146237 0.000055221251 0.000000146237
0.000870000000 0.000055221251 0.000000143613 0.000055221251 0.000000143613
0.000871000000 0.000055221251 0.000000141035 0.000055221251 0.000000141035
0.000872000000 0.000055221251 0.000000138504 0.000055221251 0.000000138504
0.000873000000 0.000055221251 0.000000136018 0.000055221251 0.000000136018
0.000874000000 0.000055221252 0.000000133577 0.000055221252 0.000000133577
0.000875000000 0.000055221252 0.000000131179 0.000055221252 0.000000131179
0.000876000000 0.000055221252 0.000000128825 0.000055221252 0.000000128825
0.000877000000 0.000055221252 0.000000126513 0.000055221252 0.000000126513
0.000878000000 0.000055221252 0.000000124242 0.000055221252 0.000000124242
0.000879000000 0.000055221252 0.000000122013 0.000055221252 0.000000122013
0.000880000000 0.000055221252 0.000000119823 0.000055221252 0.000000119823
0.000881000000 0.000055221252 0.000000117672 0.000055221252 0.000000117672
0.000882000000 0.000055221253 0.000000115560 0.000055221253 0.000000115560
0.000883000000 0.000055221253 0.000000113486 0.000055221253 0.000000113486
0.000884000000 0.000055221253 0.000000111449 0.000055221253 0.000000111449
0.000885000000 0.000055221253 0.000000109449 0.000055221253 0.000000109449
0.000886000000 0.000055221253 0.000000107485 0.000055221253 0.000000107485
0.000887000000 0.000055221253 0.000000105556 0.000055221253 0.000000105556
0.000888000000 0.000055221253 0.000000103661 0.000055221253 0.000000103661
0.000889000000 0.000055221253 0.000000101801 0.000055221253 0.000000101801
0.000890000000 0.000055221253 0.000000099974 0.000055221253 0.000000099974
0.000891000000 0.000055221254 0.000000098179 0.000055221254 0.000000098179
0.000892000000 0.000055221254 0.000000096417 0.000055221254 0.000000096417
0.000893000000 0.000055221254 0.000000094687 0.000055221254 0.000000094687
0.000894000000 0.000055221254 0.000000092987 0.000055221254 0.000000092987
0.000895000000 0.000055221254 0.000000091318 0.000055221254 0.000000091318
0.000896000000 0.000055221254 0.000000089680 0.000055221254 0.000000089680
0.000897000000 0.000055221254 0.000000088070 0.000055221254 0.000000088070
0.000898000000 0.000055221254 0.000000086489 0.000055221254 0.000000086489
0.000899000000 0.000055221254 0.000000084937 0.000055221254 0.000000084937
0.000900000000 0.000055221254 0.000000083413 0.000055221254 0.000000083413
0.000901000000 0.000055221254 0.000000081916 0.000055221254 0.000000081916
0.000902000000 0.000055221255 0.000000080445 0.000055221255 0.000000080445
0.000903000000 0.000055221255 0.000000079002 0.000055221255 0.000000079002
0.000904000000 0.000055221255 0.000000077584 0.000055221255 0.000000077584
0.000905000000 0.000055221255 0.000000076191 0.000055221255 0.000000076191
0.000906000000 0.000055221255 0.000000074824 0.000055221255 0.000000074824
0.000907000000 0.000055221255 0.000000073481 0.000055221255 0.000000073481
0.000908000000 0.000055221255 0.000000072162 0.000055221255 0.000000072162
0.000909000000 0.000055221255 0.000000070867 0.000055221255 0.000000070867
0.000910000000 0.000055221255 0.000000069595 0.000055221255 0.000000069595
0.000911000000 0.000055221255 0.000000068346 0.000055221255 0.000000068346
0.000912000000 0.000055221255 0.000000067119 0.000055221255 0.000000067119
0.000913000000 0.000055221255 0.000000065915 0.000055221255 0.000000065915
0.000914000000 0.000055221255 0.000000064732 0.000055221255 0.000000064732
0.000915000000 0.000055221255 0.000000063570 0.000055221255 0.000000063570
0.000916000000 0.000055221256 0.000000062429 0.000055221256 0.000000062429
0.000917000000 0.000055221256 0.000000061308 0.000055221256 0.000000061308
0.000918000000 0.000055221256 0.000000060208 0.000055221256 0.000000060208
0.000919000000 0.000055221256 0.000000059128 0.000055221256 0.000000059128
0.000920000000 0.000055221256 0.000000058066 0.000055221256 0.000000058066
0.000921000000 0.000055221256 0.000000057024 0.000055221256 0.000000057024
0.000922000000 0.000055221256 0.000000056001 0.000055221256 0.000000056001
0.000923000000 0.000055221256 0.000000054996 0.000055221256 0.000000054996
0.000924000000 0.000055221256 0.000000054009 0.000055221256 0.000000054009
0.000925000000 0.000055221256 0.000000053039 0.000055221256 0.000000053039
0.000926000000 0.000055221256 0.000000052087 0.000055221256 0.000000052087
0.000927000000 0.000055221256 0.000000051153 0.000055221256 0.000000051153
0.000928000000 0.000055221256 0.000000050234 0.000055221256 0.000000050234
0.000929000000 0.000055221256 0.000000049333 0.000055221256 0.000000049333
0.000930000000 0.000055221256 0.000000048447 0.000055221256 0.000000048447
0.000931000000 0.000055221256 0.000000047578 0.000055221256 0.000000047578
0.000932000000 0.000055221256 0.000000046724 0.000055221256 0.000000046724
0.000933000000 0.000055221256 0.000000045885 0.000055221256 0.000000045885
0.000934000000 0.000055221257 0.000000045062 0.000055221257 0.000000045062
0.000935000000 0.000055221257 0.000000044253 0.000055221257 0.000000044253
0.000936000000 0.000055221257 0.000000043459 0.000055221257 0.000000043459
0.000937000000 0.000055221257 0.000000042679 0.000055221257 0.000000042679
0.000938000000 0.000055221257 0.000000041913 0.000055221257 0.000000041913
0.000939000000 0.000055221257 0.000000041161 0.000055221257 0.000000041161
0.000940000000 0.000055221257 0.000000040422 0.000055221257 0.000000040422
0.000941000000 0.000055221257 0.000000039696 0.000055221257 0.000000039696
0.000942000000 0.000055221257 0.000000038984 0.000055221257 0.000000038984
0.000943000000 0.000055221257 0.000000038284 0.000055221257 0.000000038284
0.000944000000 0.000055221257 0.000000037597 0.000055221257 0.000000037597
0.000945000000 0.000055221257 0.000000036922 0.000055221257 0.000000036922
0.000946000000 0.000055221257 0.000000036260 0.000055221257 0.000000036260
0.000947000000 0.000055221257 0.000000035609 0.000055221257 0.000000035609
0.000948000000 0.000055221257 0.000000034970 0.000055221257 0.000000034970
0.000949000000 0.000055221257 0.000000034342 0.000055221257 0.000000034342
0.000950000000 0.000055221257 0.000000033726 0.000055221257 0.000000033726
0.000951000000 0.000055221257 0.000000033121 0.000055221257 0.000000033121
0.000952000000 0.000055221257 0.000000032526 0.000055221257 0.000000032526
0.000953000000 0.000055221257 0.000000031942 0.000055221257 0.000000031942
0.000954000000 0.000055221257 0.000000031369 0.000055221257 0.000000031369
0.000955000000 0.000055221257 0.000000030806 0.000055221257 0.000000030806
0.000956000000 0.000055221257 0.000000030253 0.000055221257 0.000000030253
0.000957000000 0.000055221257 0.000000029710 0.000055221257 0.000000029710
0.000958000000 0.000055221257 0.000000029177 0.000055221257 0.000000029177
0.000959000000 0.000055221257 0.000000028653 0.000055221257 0.000000028653
0.000960000000 0.000055221257 0.000000028139 0.000055221257 0.000000028139
0.000961000000 0.000055221257 0.000000027634 0.000055221257 0.000000027634
0.000962000000 0.000055221257 0.000000027138 0.000055221257 0.000000027138
0.000963000000 0.000055221258 0.000000026651 0.000055221258 0.000000026651
0.000964000000 0.000055221258 0.000000026173 0.000055221258 0.000000026173
0.000965000000 0.000055221258 0.000000025703 0.000055221258 0.000000025703
0.000966000000 0.000055221258 0.000000025242 0.000055221258 0.000000025242
0.000967000000 0.000055221258 0.000000024789 0.000055221258 0.000000024789
0.000968000000 0.000055221258 0.000000024344 0.000055221258 0.000000024344
0.000969000000 0.000055221258 0.000000023907 0.000055221258 0.000000023907
0.000970000000 0.000055221258 0.000000023478 0.000055221258 0.000000023478
0.000971000000 0.000055221258 0.000000023056 0.000055221258 0.000000023056
0.000972000000 0.000055221258 0.000000022643 0.000055221258 0.000000022643
0.000973000000 0.000055221258 0.000000022236 0.000055221258 0.000000022236
0.000974000000 0.000055221258 0.000000021837 0.000055221258 0.000000021837
0.000975000000 0.000055221258 0.000000021445 0.000055221258 0.000000021445
0.000976000000 0.000055221258 0.000000021060 0.000055221258 0.000000021060
0.000977000000 0.000055221258 0.000000020682 0.000055221258 0.000000020682
0.000978000000 0.000055221258 0.000000020311 0.000055221258 0.000000020311
0.000979000000 0.000055221258 0.000000019947 0.000055221258 0.000000019947
0.000980000000 0.000055221258 0.000000019589 0.000055221258 0.000000019589
0.000981000000 0.000055221258 0.000000019237 0.000055221258 0.000000019237
0.000982000000 0.000055221258 0.000000018892 0.000055221258 0.000000018892
0.000983000000 0.000055221258 0.000000018553 0.000055221258 0.000000018553
0.000984000000 0.000055221258 0.000000018220 0.000055221258 0.000000018220
0.000985000000 0.000055221258 0.000000017893 0.000055221258 0.000000017893
0.000986000000 0.000055221258 0.000000017572 0.000055221258 0.000000017572
0.000987000000 0.000055221258 0.000000017256 0.000055221258 0.000000017256
0.000988000000 0.000055221258 0.000000016946 0.000055221258 0.000000016946
0.000989000000 0.000055221258 0.000000016642 0.000055221258 0.000000016642
0.000990000000 0.000055221258 0.000000016344 0.000055221258 0.000000016344
0.000991000000 0.000055221258 0.000000016050 0.000055221258 0.000000016050
0.000992000000 0.000055221258 0.000000015762 0.000055221258 0.000000015762
0.000993000000 0.000055221258 0.000000015479 0.000055221258 0.000000015479
0.000994000000 0.000055221258 0.000000015202 0.000055221258 0.000000015202
0.000995000000 0.000055221258 0.000000014929 0.000055221258 0.000000014929
0.000996000000 0.000055221258 0.000000014661 0.000055221258 0.000000014661
0.000997000000 0.000055221258 0.000000014398 0.000055221258 0.000000014398
0.000998000000 0.000055221258 0.000000014139 0.000055221258 0.000000014139
0.000999000000 0.000055221258 0.000000013885 0.000055221258 0.000000013885
