0.000000000000 0.000000000000 1.000000000000
0.000001000000 0.000001012381 1.024760861427
0.000002000000 0.000002049519 1.049512849667
0.000003000000 0.000003111404 1.074255760280
0.000004000000 0.000004198027 1.098989389590
0.000005000000 0.000005309379 1.123713534704
0.000006000000 0.000006445451 1.148427993528
0.000007000000 0.000007606232 1.173132564779
0.000008000000 0.000008791713 1.197827048002
0.000009000000 0.000010001883 1.222511243584
0.000010000000 0.000011236732 1.247184952770
0.000011000000 0.000012496249 1.271847977674
0.000012000000 0.000013780424 1.296500121296
0.000013000000 0.000015089246 1.321141187536
0.000014000000 0.000016422703 1.345770981207
0.000015000000 0.000017780784 1.370389308047
0.000016000000 0.000019163477 1.394995974734
0.000017000000 0.000020570772 1.419590788899
0.000018000000 0.000022002655 1.444173559141
0.000019000000 0.000023459115 1.468744095033
0.000020000000 0.000024940139 1.493302207143
0.000021000000 0.000026445715 1.517847707040
0.000022000000 0.000027975830 1.542380407309
0.000023000000 0.000029530472 1.566900121562
0.000024000000 0.000031109626 1.591406664450
0.000025000000 0.000032713280 1.615899851674
0.000026000000 0.000034341421 1.640379499994
0.000027000000 0.000035994035 1.664845427247
0.000028000000 0.000037671107 1.689297452350
0.000029000000 0.000039372625 1.713735395312
0.000030000000 0.000041098574 1.738159077249
0.000031000000 0.000042848938 1.762568320390
0.000032000000 0.000044623705 1.786962948086
0.000033000000 0.000046422859 1.811342784822
0.000034000000 0.000048246386 1.835707656228
0.000035000000 0.000050094270 1.860057389082
0.000036000000 0.000051966496 1.884391811325
0.000037000000 0.000053863048 1.908710752067
0.000038000000 0.000055783912 1.933014041596
0.000039000000 0.000057729071 1.957301511385
0.000040000000 0.000059698510 1.981572994102
0.000041000000 0.000061692212 2.005828323617
0.000042000000 0.000063710161 2.030067335008
0.000043000000 0.000065752341 2.054289864572
0.000044000000 0.000067818735 2.078495749828
0.000045000000 0.000069909327 2.102684829525
0.000046000000 0.000072024099 2.126856943651
0.000047000000 0.000074163035 2.151011933436
0.000048000000 0.000076326117 2.175149641361
0.000049000000 0.000078513328 2.199269911161
0.000050000000 0.000080724651 2.223372587835
0.000051000000 0.000082960068 2.247457517646
0.000052000000 0.000085219560 2.271524548131
0.000053000000 0.000087503111 2.295573528104
0.000054000000 0.000089810701 2.319604307659
0.000055000000 0.000092142313 2.343616738179
0.000056000000 0.000094497928 2.367610672337
0.000057000000 0.000096877528 2.391585964099
0.000058000000 0.000099281094 2.415542468734
0.000059000000 0.000101708607 2.439480042811
0.000060000000 0.000104160048 2.463398544204
0.000061000000 0.000106635398 2.487297832099
0.000062000000 0.000109134637 2.511177766993
0.000063000000 0.000111657747 2.535038210699
0.000064000000 0.000114204707 2.558879026347
0.000065000000 0.000116775498 2.582700078388
0.000066000000 0.000119370100 2.606501232595
0.000067000000 0.000121988494 2.630282356066
0.000068000000 0.000124630658 2.654043317225
0.000069000000 0.000127296574 2.677783985825
0.000070000000 0.000129986220 2.701504232947
0.000071000000 0.000132699575 2.725203931003
0.000072000000 0.000135436620 2.748882953737
0.000073000000 0.000138197334 2.772541176223
0.000074000000 0.000140981696 2.796178474872
0.000075000000 0.000143789684 2.819794727425
0.000076000000 0.000146621278 2.843389812957
0.000077000000 0.000149476457 2.866963611879
0.000078000000 0.000152355198 2.890516005933
0.000079000000 0.000155257482 2.914046878194
0.000080000000 0.000158183285 2.937556113072
0.000081000000 0.000161132587 2.961043596307
0.000082000000 0.000164105365 2.984509214970
0.000083000000 0.000167101598 3.007952857462
0.000084000000 0.000170121263 3.031374413515
0.000085000000 0.000173164339 3.054773774185
0.000086000000 0.000176230803 3.078150831856
0.000087000000 0.000179320633 3.101505480236
0.000088000000 0.000182433807 3.124837614354
0.000089000000 0.000185570301 3.148147130561
0.000090000000 0.000188730093 3.171433926525
0.000091000000 0.000191913161 3.194697901228
0.000092000000 0.000195119482 3.217938954969
0.000093000000 0.000198349031 3.241156989353
0.000094000000 0.000201601788 3.264351907296
0.000095000000 0.000204877728 3.287523613017
0.000096000000 0.000208176827 3.310672012037
0.000097000000 0.000211499064 3.333797011174
0.000098000000 0.000214844414 3.356898518543
0.000099000000 0.000218212853 3.379976443549
0.000100000000 0.000221604358 3.403030696885
0.000101000000 0.000225018906 3.426061190528
0.000102000000 0.000228456473 3.449067837735
0.000103000000 0.000231917034 3.472050553037
0.000104000000 0.000235400566 3.495009252240
0.000105000000 0.000238907045 3.517943852416
0.000106000000 0.000242436446 3.540854271899
0.000107000000 0.000245988745 3.563740430282
0.000108000000 0.000249563918 3.586602248412
0.000109000000 0.000253161941 3.609439648385
0.000110000000 0.000256782790 3.632252553541
0.000111000000 0.000260426438 3.655040888460
0.000112000000 0.000264092863 3.677804578955
0.000113000000 0.000267782039 3.700543552068
0.000114000000 0.000271493942 3.723257736064
0.000115000000 0.000275228546 3.745947060428
0.000116000000 0.000278985828 3.768611455856
0.000117000000 0.000282765761 3.791250854252
0.000118000000 0.000286568321 3.813865188721
0.000119000000 0.000290393483 3.836454393563
0.000120000000 0.000294241222 3.859018404270
0.000121000000 0.000298111511 3.881557157515
0.000122000000 0.000302004327 3.904070591151
0.000123000000 0.000305919644 3.926558644202
0.000124000000 0.000309857436 3.949021256858
0.000125000000 0.000313817678 3.971458370468
0.000126000000 0.000317800344 3.993869927533
0.000127000000 0.000321805409 4.016255871703
0.000128000000 0.000325832848 4.038616147767
0.000129000000 0.000329882633 4.060950701646
0.000130000000 0.000333954740 4.083259480392
0.000131000000 0.000338049144 4.105542432173
0.000132000000 0.000342165817 4.127799506275
0.000133000000 0.000346304734 4.150030653087
0.000134000000 0.000350465869 4.172235824101
0.000135000000 0.000354649197 4.194414971901
0.000136000000 0.000358854691 4.216568050158
0.000137000000 0.000363082324 4.238695013622
0.000138000000 0.000367332072 4.260795818115
0.000139000000 0.000371603907 4.282870420526
0.000140000000 0.000375897804 4.304918778800
0.000141000000 0.000380213736 4.326940851934
0.000142000000 0.000384551677 4.348936599970
0.000143000000 0.000388911600 4.370905983986
0.000144000000 0.000393293480 4.392848966087
0.000145000000 0.000397697289 4.414765509404
0.000146000000 0.000402123002 4.436655578081
0.000147000000 0.000406570592 4.458519137269
0.000148000000 0.000411040032 4.480356153120
0.000149000000 0.000415531295 4.502166592778
0.000150000000 0.000420044356 4.523950424373
0.000151000000 0.000424579187 4.545707617011
0.000152000000 0.000429135762 4.567438140771
0.000153000000 0.000433714055 4.589141966694
0.000154000000 0.000438314037 4.610819066775
0.000155000000 0.000442935684 4.632469413957
0.000156000000 0.000447578967 4.654092982125
0.000157000000 0.000452243861 4.675689746096
0.000158000000 0.000456930338 4.697259681611
0.000159000000 0.000461638371 4.718802765330
0.000160000000 0.000466367934 4.740318974822
0.000161000000 0.000471119000 4.761808288559
0.000162000000 0.000475891542 4.783270685908
0.000163000000 0.000480685533 4.804706147123
0.000164000000 0.000485500945 4.826114653338
0.000165000000 0.000490337753 4.847496186558
0.000166000000 0.000495195929 4.868850729653
0.000167000000 0.000500075445 4.890178266351
0.000168000000 0.000504976276 4.911478781228
0.000169000000 0.000509898394 4.932752259701
0.000170000000 0.000514841772 4.953998688022
0.000171000000 0.000519806382 4.975218053271
0.000172000000 0.000524792199 4.996410343345
0.000173000000 0.000529799194 5.017575546952
0.000174000000 0.000534827341 5.038713653606
0.000175000000 0.000539876612 5.059824653614
0.000176000000 0.000544946981 5.080908538076
0.000177000000 0.000550038420 5.101965298869
0.000178000000 0.000555150903 5.122994928648
0.000179000000 0.000560284401 5.143997420830
0.000180000000 0.000565438888 5.164972769593
0.000181000000 0.000570614338 5.185920969868
0.000182000000 0.000575810721 5.206842017326
0.000183000000 0.000581028013 5.227735908377
0.000184000000 0.000586266184 5.248602640161
0.000185000000 0.000591525209 5.269442210538
0.000186000000 0.000596805059 5.290254618082
0.000187000000 0.000602105709 5.311039862075
0.000188000000 0.000607427130 5.331797942500
0.000189000000 0.000612769296 5.352528860030
0.000190000000 0.000618132179 5.373232616025
0.000191000000 0.000623515752 5.393909212522
0.000192000000 0.000628919988 5.414558652231
0.000193000000 0.000634344860 5.435180938521
0.000194000000 0.000639790341 5.455776075424
0.000195000000 0.000645256403 5.476344067615
0.000196000000 0.000650743020 5.496884920415
0.000197000000 0.000656250164 5.517398639780
0.000198000000 0.000661777808 5.537885232293
0.000199000000 0.000667325926 5.558344705160
0.000200000000 0.000672894489 5.578777066199
0.000201000000 0.000678483471 5.599182323837
0.000202000000 0.000684092844 5.619560487101
0.000203000000 0.000689722583 5.639911565611
0.000204000000 0.000695372658 5.660235569576
0.000205000000 0.000701043045 5.680532509782
0.000206000000 0.000706733714 5.700802397590
0.000207000000 0.000712444641 5.721045244927
0.000208000000 0.000718175796 5.741261064279
0.000209000000 0.000723927154 5.761449868688
0.000210000000 0.000729698687 5.781611671740
0.000211000000 0.000735490368 5.801746487561
0.000212000000 0.000741302171 5.821854330812
0.000213000000 0.000747134068 5.841935216679
0.000214000000 0.000752986032 5.861989160870
0.000215000000 0.000758858037 5.882016179607
0.000216000000 0.000764750055 5.902016289619
0.000217000000 0.000770662061 5.921989508136
0.000218000000 0.000776594026 5.941935852886
0.000219000000 0.000782545923 5.961855342081
0.000220000000 0.000788517727 5.981747994419
0.000221000000 0.000794509410 6.001613829074
0.000222000000 0.000800520946 6.021452865689
0.000223000000 0.000806552307 6.041265124371
0.000224000000 0.000812603467 6.061050625688
0.000225000000 0.000818674400 6.080809390657
0.000226000000 0.000824765077 6.100541440741
0.000227000000 0.000830875474 6.120246797845
0.000228000000 0.000837005562 6.139925484308
0.000229000000 0.000843155316 6.159577522896
0.000230000000 0.000849324708 6.179202936799
0.000231000000 0.000855513713 6.198801749623
0.000232000000 0.000861722303 6.218373985385
0.000233000000 0.000867950452 6.237919668507
0.000234000000 0.000874198133 6.257438823813
0.000235000000 0.000880465321 6.276931476520
0.000236000000 0.000886751987 6.296397652231
0.000237000000 0.000893058107 6.315837376937
0.000238000000 0.000899383653 6.335250677001
0.000239000000 0.000905728600 6.354637579164
0.000240000000 0.000912092920 6.373998110530
0.000241000000 0.000918476587 6.393332298565
0.000242000000 0.000924879575 6.412640171092
0.000243000000 0.000931301859 6.431921756285
0.000244000000 0.000937743410 6.451177082662
0.000245000000 0.000944204204 6.470406179085
0.000246000000 0.000950684214 6.489609074747
0.000247000000 0.000957183413 6.508785799174
0.000248000000 0.000963701777 6.527936382218
0.000249000000 0.000970239278 6.547060854048
0.000250000000 0.000976795890 6.566159245153
0.000251000000 0.000983371587 6.585231586327
0.000252000000 0.000989966344 6.604277908674
0.000253000000 0.000996580135 6.623298243597
0.000254000000 0.001003212932 6.642292622794
0.000255000000 0.001009864711 6.661261078255
0.000256000000 0.001016535446 6.680203642257
0.000257000000 0.001023225110 6.699120347359
0.000258000000 0.001029933678 6.718011226395
0.000259000000 0.001036661124 6.736876312474
0.000260000000 0.001043407422 6.755715638971
0.000261000000 0.001050172546 6.774529239526
0.000262000000 0.001056956472 6.793317148039
0.000263000000 0.001063759172 6.812079398662
0.000264000000 0.001070580622 6.830816025799
0.000265000000 0.001077420796 6.849527064100
0.000266000000 0.001084279668 6.868212548457
0.000267000000 0.001091157212 6.886872513997
0.000268000000 0.001098053404 6.905506996084
0.000269000000 0.001104968218 6.924116030308
0.000270000000 0.001111901628 6.942699652485
0.000271000000 0.001118853609 6.961257898653
0.000272000000 0.001125824135 6.979790805065
0.000273000000 0.001132813182 6.998298408188
0.000274000000 0.001139820723 7.016780744697
0.000275000000 0.001146846735 7.035237851472
0.000276000000 0.001153891191 7.053669765595
0.000277000000 0.001160954066 7.072076524344
0.000278000000 0.001168035335 7.090458165190
0.000279000000 0.001175134974 7.108814725796
0.000280000000 0.001182252956 7.127146244008
0.000281000000 0.001189389258 7.145452757856
0.000282000000 0.001196543854 7.163734305547
0.000283000000 0.001203716718 7.181990925464
0.000284000000 0.001210907827 7.200222656161
0.000285000000 0.001218117155 7.218429536359
0.000286000000 0.001225344678 7.236611604944
0.000287000000 0.001232590370 7.254768900964
0.000288000000 0.001239854208 7.272901463620
0.000289000000 0.001247136165 7.291009332272
0.000290000000 0.001254436218 7.309092546427
0.000291000000 0.001261754342 7.327151145742
0.000292000000 0.001269090512 7.345185170014
0.000293000000 0.001276444704 7.363194659185
0.000294000000 0.001283816893 7.381179653331
0.000295000000 0.001291207055 7.399140192665
0.000296000000 0.001298615166 7.417076317529
0.000297000000 0.001306041200 7.434988068394
0.000298000000 0.001313485134 7.452875485855
0.000299000000 0.001320946943 7.470738610630
0.000300000000 0.001328426603 7.488577483556
0.000301000000 0.001335924090 7.506392145584
0.000302000000 0.001343439379 7.524182637780
0.000303000000 0.001350972447 7.541949001318
0.000304000000 0.001358523269 7.559691277481
0.000305000000 0.001366091821 7.577409507655
0.000306000000 0.001373678080 7.595103733329
0.000307000000 0.001381282021 7.612773996087
0.000308000000 0.001388903620 7.630420337614
0.000309000000 0.001396542854 7.648042799684
0.000310000000 0.001404199698 7.665641424164
0.000311000000 0.001411874128 7.683216253008
0.000312000000 0.001419566122 7.700767328254
0.000313000000 0.001427275655 7.718294692025
0.000314000000 0.001435002704 7.735798386523
0.000315000000 0.001442747244 7.753278454026
0.000316000000 0.001450509253 7.770734936889
0.000317000000 0.001458288706 7.788167877540
0.000318000000 0.001466085581 7.805577318475
0.000319000000 0.001473899853 7.822963302258
0.000320000000 0.001481731499 7.840325871521
0.000321000000 0.001489580497 7.857665068955
0.000322000000 0.001497446822 7.874980937314
0.000323000000 0.001505330451 7.892273519411
0.000324000000 0.001513231361 7.909542858113
0.000325000000 0.001521149529 7.926788996342
0.000326000000 0.001529084931 7.944011977071
0.000327000000 0.001537037545 7.961211843323
0.000328000000 0.001545007347 7.978388638167
0.000329000000 0.001552994315 7.995542404720
0.000330000000 0.001560998425 8.012673186137
0.000331000000 0.001569019654 8.029781025620
0.000332000000 0.001577057979 8.046865966405
0.000333000000 0.001585113378 8.063928051767
0.000334000000 0.001593185827 8.080967325015
0.000335000000 0.001601275305 8.097983829491
0.000336000000 0.001609381788 8.114977608569
0.000337000000 0.001617505253 8.131948705651
0.000338000000 0.001625645677 8.148897164166
0.000339000000 0.001633803039 8.165823027568
0.000340000000 0.001641977316 8.182726339334
0.000341000000 0.001650168485 8.199607142964
0.000342000000 0.001658376523 8.216465481977
0.000343000000 0.001666601408 8.233301399909
0.000344000000 0.001674843118 8.250114940314
0.000345000000 0.001683101630 8.266906146758
0.000346000000 0.001691376923 8.283675062822
0.000347000000 0.001699668973 8.300421732096
0.000348000000 0.001707977759 8.317146198182
0.000349000000 0.001716303258 8.333848504687
0.000350000000 0.001724645449 8.350528695225
0.000351000000 0.001733004308 8.367186813415
0.000352000000 0.001741379815 8.383822902879
0.000353000000 0.001749771947 8.400437007239
0.000354000000 0.001758180682 8.417029170119
0.000355000000 0.001766605998 8.433599435139
0.000356000000 0.001775047873 8.450147845918
0.000357000000 0.001783506286 8.466674446069
0.000358000000 0.001791981215 8.483179279198
0.000359000000 0.001800472637 8.499662388906
0.000360000000 0.001808980532 8.516123818784
0.000361000000 0.001817504878 8.532563612411
0.000362000000 0.001826045652 8.548981813356
0.000363000000 0.001834602834 8.565378465175
0.000364000000 0.001843176402 8.581753611410
0.000365000000 0.001851766334 8.598107295585
0.000366000000 0.001860372610 8.614439561209
0.000367000000 0.001868995206 8.630750451772
0.000368000000 0.001877634103 8.647040010746
0.000369000000 0.001886289279 8.663308281580
0.000370000000 0.001894960713 8.679555307703
0.000371000000 0.001903648383 8.695781132518
0.000372000000 0.001912352268 8.711985799407
0.000373000000 0.001921072347 8.728169351724
0.000374000000 0.001929808600 8.744331832798
0.000375000000 0.001938561004 8.760473285929
0.000376000000 0.001947329539 8.776593754388
0.000377000000 0.001956114185 8.792693281418
0.000378000000 0.001964914919 8.808771910228
0.000379000000 0.001973731722 8.824829683996
0.000380000000 0.001982564571 8.840866645868
0.000381000000 0.001991413448 8.856882838954
0.000382000000 0.002000278330 8.872878306330
0.000383000000 0.002009159198 8.888853091034
0.000384000000 0.002018056029 8.904807236069
0.000385000000 0.002026968805 8.920740784399
0.000386000000 0.002035897504 8.936653778947
0.000387000000 0.002044842106 8.952546262598
0.000388000000 0.002053802590 8.968418278196
0.000389000000 0.002062778936 8.984269868542
0.000390000000 0.002071771123 9.000101076394
0.000391000000 0.002080779131 9.015911944468
0.000392000000 0.002089802940 9.031702515433
0.000393000000 0.002098842529 9.047472831914
0.000394000000 0.002107897879 9.063222936489
0.000395000000 0.002116968968 9.078952871691
0.000396000000 0.002126055778 9.094662680002
0.000397000000 0.002135158287 9.110352403857
0.000398000000 0.002144276476 9.126022085641
0.000399000000 0.002153410325 9.141671767689
0.000400000000 0.002162559813 9.157301492286
0.000401000000 0.002171724921 9.172911301663
0.000402000000 0.002180905629 9.188501238000
0.000403000000 0.002190101917 9.204071343424
0.000404000000 0.002199313765 9.219621660006
0.000405000000 0.002208541154 9.235152229765
0.000406000000 0.002217784063 9.250663094663
0.000407000000 0.002227042473 9.266154296607
0.000408000000 0.002236316365 9.281625877447
0.000409000000 0.002245605718 9.297077878975
0.000410000000 0.002254910514 9.312510342926
0.000411000000 0.002264230733 9.327923310977
0.000412000000 0.002273566354 9.343316824744
0.000413000000 0.002282917360 9.358690925785
0.000414000000 0.002292283730 9.374045655596
0.000415000000 0.002301665445 9.389381055615
0.000416000000 0.002311062485 9.404697167214
0.000417000000 0.002320474833 9.419994031707
0.000418000000 0.002329902467 9.435271690344
0.000419000000 0.002339345370 9.450530184311
0.000420000000 0.002348803521 9.465769554731
0.000421000000 0.002358276902 9.480989842664
0.000422000000 0.002367765494 9.496191089104
0.000423000000 0.002377269278 9.511373334979
0.000424000000 0.002386788235 9.526536621154
0.000425000000 0.002396322345 9.541680988425
0.000426000000 0.002405871590 9.556806477523
0.000427000000 0.002415435952 9.571913129113
0.000428000000 0.002425015410 9.587000983789
0.000429000000 0.002434609948 9.602070082080
0.000430000000 0.002444219544 9.617120464446
0.000431000000 0.002453844182 9.632152171278
0.000432000000 0.002463483842 9.647165242897
0.000433000000 0.002473138507 9.662159719557
0.000434000000 0.002482808156 9.677135641438
0.000435000000 0.002492492772 9.692093048654
0.000436000000 0.002502192336 9.707031981244
0.000437000000 0.002511906829 9.721952479179
0.000438000000 0.002521636235 9.736854582357
0.000439000000 0.002531380532 9.751738330604
0.000440000000 0.002541139705 9.766603763675
0.000441000000 0.002550913734 9.781450921253
0.000442000000 0.002560702601 9.796279842944
0.000443000000 0.002570506288 9.811090568287
0.000444000000 0.002580324776 9.825883136742
0.000445000000 0.002590158048 9.840657587698
0.000446000000 0.002600006085 9.855413960469
0.000447000000 0.002609868870 9.870152294296
0.000448000000 0.002619746384 9.884872628344
0.000449000000 0.002629638609 9.899575001702
0.000450000000 0.002639545528 9.914259453387
0.000451000000 0.002649467122 9.928926022338
0.000452000000 0.002659403374 9.943574747419
0.000453000000 0.002669354265 9.958205667417
0.000454000000 0.002679319779 9.972818821045
0.000455000000 0.002689299897 9.987414246937
0.000456000000 0.002699294602 10.001991983652
0.000457000000 0.002709303875 10.016552069672
0.000458000000 0.002719327700 10.031094543402
0.000459000000 0.002729366059 10.045619443167
0.000460000000 0.002739418933 10.060126807219
0.000461000000 0.002749486306 10.074616673728
0.000462000000 0.002759568161 10.089089080790
0.000463000000 0.002769664479 10.103544066418
0.000464000000 0.002779775243 10.117981668552
0.000465000000 0.002789900436 10.132401925050
0.000466000000 0.002800040041 10.146804873692
0.000467000000 0.002810194040 10.161190552181
0.000468000000 0.002820362416 10.175558998138
0.000469000000 0.002830545152 10.189910249107
0.000470000000 0.002840742231 10.204244342552
0.000471000000 0.002850953635 10.218561315859
0.000472000000 0.002861179348 10.232861206333
0.000473000000 0.002871419352 10.247144051198
0.000474000000 0.002881673631 10.261409887602
0.000475000000 0.002891942166 10.275658752610
0.000476000000 0.002902224942 10.289890683208
0.000477000000 0.002912521942 10.304105716301
0.000478000000 0.002922833148 10.318303888716
0.000479000000 0.002933158544 10.332485237198
0.000480000000 0.002943498113 10.346649798410
0.000481000000 0.002953851838 10.360797608939
0.000482000000 0.002964219703 10.374928705286
0.000483000000 0.002974601690 10.389043123875
0.000484000000 0.002984997783 10.403140901049
0.000485000000 0.002995407966 10.417222073068
0.000486000000 0.003005832222 10.431286676114
0.000487000000 0.003016270534 10.445334746284
0.000488000000 0.003026722886 10.459366319599
0.000489000000 0.003037189261 10.473381431994
0.000490000000 0.003047669643 10.487380119326
0.000491000000 0.003058164016 10.501362417371
0.000492000000 0.003068672363 10.515328361821
0.000493000000 0.003079194667 10.529277988289
0.000494000000 0.003089730913 10.543211332307
0.000495000000 0.003100281085 10.557128429323
0.000496000000 0.003110845165 10.571029314707
0.000497000000 0.003121423138 10.584914023744
0.000498000000 0.003132014988 10.598782591642
0.000499000000 0.003142620698 10.612635053523
0.000500000000 0.003153240252 10.626471444430
0.000501000000 0.003163873635 10.640291799325
0.000502000000 0.003174520831 10.654096153087
0.000503000000 0.003185181822 10.667884540514
0.000504000000 0.003195856594 10.681656996324
0.000505000000 0.003206545131 10.695413555150
0.000506000000 0.003217247416 10.709154251547
0.000507000000 0.003227963434 10.722879119987
0.000508000000 0.003238693169 10.736588194862
0.000509000000 0.003249436605 10.750281510479
0.000510000000 0.003260193727 10.763959101068
0.000511000000 0.003270964518 10.777621000774
0.000512000000 0.003281748964 10.791267243664
0.000513000000 0.003292547048 10.804897863720
0.000514000000 0.003303358754 10.818512894845
0.000515000000 0.003314184068 10.832112370861
0.000516000000 0.003325022974 10.845696325507
0.000517000000 0.003335875456 10.859264792442
0.000518000000 0.003346741498 10.872817805244
0.000519000000 0.003357621086 10.886355397408
0.000520000000 0.003368514204 10.899877602351
0.000521000000 0.003379420836 10.913384453407
0.000522000000 0.003390340968 10.926875983829
0.000523000000 0.003401274583 10.940352226789
0.000524000000 0.003412221667 10.953813215379
0.000525000000 0.003423182204 10.967258982610
0.000526000000 0.003434156180 10.980689561411
0.000527000000 0.003445143578 10.994104984632
0.000528000000 0.003456144385 11.007505285041
0.000529000000 0.003467158584 11.020890495326
0.000530000000 0.003478186161 11.034260648096
0.000531000000 0.003489227100 11.047615775877
0.000532000000 0.003500281387 11.060955911115
0.000533000000 0.003511349007 11.074281086178
0.000534000000 0.003522429945 11.087591333351
0.000535000000 0.003533524185 11.100886684842
0.000536000000 0.003544631713 11.114167172775
0.000537000000 0.003555752514 11.127432829198
0.000538000000 0.003566886574 11.140683686076
0.000539000000 0.003578033877 11.153919775297
0.000540000000 0.003589194408 11.167141128667
0.000541000000 0.003600368154 11.180347777914
0.000542000000 0.003611555099 11.193539754685
0.000543000000 0.003622755229 11.206717090548
0.000544000000 0.003633968528 11.219879816994
0.000545000000 0.003645194983 11.233027965431
0.000546000000 0.003656434579 11.246161567191
0.000547000000 0.003667687302 11.259280653526
0.000548000000 0.003678953136 11.272385255608
0.000549000000 0.003690232067 11.285475404531
0.000550000000 0.003701524082 11.298551131311
0.000551000000 0.003712829165 11.311612466885
0.000552000000 0.003724147302 11.324659442111
0.000553000000 0.003735478479 11.337692087769
0.000554000000 0.003746822681 11.350710434561
0.000555000000 0.003758179895 11.363714513111
0.000556000000 0.003769550106 11.376704353963
0.000557000000 0.003780933299 11.389679987586
0.000558000000 0.003792329461 11.402641444370
0.000559000000 0.003803738577 11.415588754627
0.000560000000 0.003815160634 11.428521948592
0.000561000000 0.003826595616 11.441441056421
0.000562000000 0.003838043511 11.454346108196
0.000563000000 0.003849504304 11.467237133918
0.000564000000 0.003860977981 11.480114163513
0.000565000000 0.003872464528 11.492977226831
0.000566000000 0.003883963931 11.505826353644
0.000567000000 0.003895476176 11.518661573646
0.000568000000 0.003907001249 11.531482916457
0.000569000000 0.003918539137 11.544290411619
0.000570000000 0.003930089825 11.557084088599
0.000571000000 0.003941653301 11.569863976785
0.000572000000 0.003953229549 11.582630105493
0.000573000000 0.003964818556 11.595382503961
0.000574000000 0.003976420309 11.608121201351
0.000575000000 0.003988034794 11.620846226749
0.000576000000 0.003999661997 11.633557609168
0.000577000000 0.004011301905 11.646255377543
0.000578000000 0.004022954503 11.658939560736
0.000579000000 0.004034619779 11.671610187531
0.000580000000 0.004046297719 11.684267286641
0.000581000000 0.004057988309 11.696910886700
0.000582000000 0.004069691536 11.709541016272
0.000583000000 0.004081407387 11.722157703842
0.000584000000 0.004093135847 11.734760977825
0.000585000000 0.004104876904 11.747350866558
0.000586000000 0.004116630545 11.759927398306
0.000587000000 0.004128396755 11.772490601259
0.000588000000 0.004140175521 11.785040503536
0.000589000000 0.004151966831 11.797577133179
0.000590000000 0.004163770671 11.810100518158
0.000591000000 0.004175587028 11.822610686369
0.000592000000 0.004187415888 11.835107665638
0.000593000000 0.004199257239 11.847591483713
0.000594000000 0.004211111067 11.860062168273
0.000595000000 0.004222977359 11.872519746923
0.000596000000 0.004234856102 11.884964247195
0.000597000000 0.004246747283 11.897395696550
0.000598000000 0.004258650889 11.909814122375
0.000599000000 0.004270566907 11.922219551987
0.000600000000 0.004282495324 11.934612012629
0.000601000000 0.004294436127 11.946991531473
0.000602000000 0.004306389303 11.959358135620
0.000603000000 0.004318354839 11.971711852100
0.000604000000 0.004330332722 11.984052707870
0.000605000000 0.004342322940 11.996380729816
0.000606000000 0.004354325479 12.008695944755
0.000607000000 0.004366340327 12.020998379432
0.000608000000 0.004378367472 12.033288060520
0.000609000000 0.004390406899 12.045565014624
0.000610000000 0.004402458597 12.057829268277
0.000611000000 0.004414522554 12.070080847943
0.000612000000 0.004426598755 12.082319780014
0.000613000000 0.004438687189 12.094546090814
0.000614000000 0.004450787843 12.106759806598
0.000615000000 0.004462900704 12.118960953547
0.000616000000 0.004475025761 12.131149557779
0.000617000000 0.004487162999 12.143325645338
0.000618000000 0.004499312408 12.155489242201
0.000619000000 0.004511473974 12.167640374275
0.000620000000 0.004523647684 12.179779067400
0.000621000000 0.004535833528 12.191905347346
0.000622000000 0.004548031491 12.204019239814
0.000623000000 0.004560241562 12.216120770438
0.000624000000 0.004572463728 12.228209964785
0.000625000000 0.004584697978 12.240286848351
0.000626000000 0.004596944298 12.252351446567
0.000627000000 0.004609202677 12.264403784795
0.000628000000 0.004621473101 12.276443888331
0.000629000000 0.004633755560 12.288471782401
0.000630000000 0.004646050041 12.300487492166
0.000631000000 0.004658356531 12.312491042720
0.000632000000 0.004670675019 12.324482459091
0.000633000000 0.004683005492 12.336461766238
0.000634000000 0.004695347939 12.348428989054
0.000635000000 0.004707702346 12.360384152369
0.000636000000 0.004720068703 12.372327280943
0.000637000000 0.004732446997 12.384258399472
0.000638000000 0.004744837216 12.396177532585
0.000639000000 0.004757239348 12.408084704848
0.000640000000 0.004769653381 12.419979940757
0.000641000000 0.004782079304 12.431863264748
0.000642000000 0.004794517104 12.443734701189
0.000643000000 0.004806966769 12.455594274382
0.000644000000 0.004819428288 12.467442008567
0.000645000000 0.004831901649 12.479277927917
0.000646000000 0.004844386840 12.491102056542
0.000647000000 0.004856883849 12.502914418487
0.000648000000 0.004869392665 12.514715037733
0.000649000000 0.004881913276 12.526503938198
0.000650000000 0.004894445669 12.538281143736
0.000651000000 0.004906989834 12.550046678134
0.000652000000 0.004919545759 12.561800565121
0.000653000000 0.004932113431 12.573542828359
0.000654000000 0.004944692840 12.585273491448
0.000655000000 0.004957283974 12.596992577925
0.000656000000 0.004969886822 12.608700111264
0.000657000000 0.004982501371 12.620396114876
0.000658000000 0.004995127610 12.632080612111
0.000659000000 0.005007765528 12.643753626255
0.000660000000 0.005020415113 12.655415180533
0.000661000000 0.005033076355 12.667065298108
0.000662000000 0.005045749240 12.678704002080
0.000663000000 0.005058433759 12.690331315488
0.000664000000 0.005071129899 12.701947261311
0.000665000000 0.005083837650 12.713551862464
0.000666000000 0.005096556999 12.725145141803
0.000667000000 0.005109287936 12.736727122123
0.000668000000 0.005122030450 12.748297826155
0.000669000000 0.005134784528 12.759857276574
0.000670000000 0.005147550160 12.771405495991
0.000671000000 0.005160327335 12.782942506959
0.000672000000 0.005173116042 12.794468331969
0.000673000000 0.005185916268 12.805982993454
0.000674000000 0.005198728004 12.817486513784
0.000675000000 0.005211551238 12.828978915272
0.000676000000 0.005224385958 12.840460220172
0.000677000000 0.005237232154 12.851930450676
0.000678000000 0.005250089815 12.863389628918
0.000679000000 0.005262958930 12.874837776975
0.000680000000 0.005275839487 12.886274916861
0.000681000000 0.005288731476 12.897701070536
0.000682000000 0.005301634886 12.909116259897
0.000683000000 0.005314549705 12.920520506786
0.000684000000 0.005327475923 12.931913832985
0.000685000000 0.005340413529 12.943296260219
0.000686000000 0.005353362512 12.954667810154
0.000687000000 0.005366322861 12.966028504399
0.000688000000 0.005379294565 12.977378364505
0.000689000000 0.005392277614 12.988717411966
0.000690000000 0.005405271997 13.000045668219
0.000691000000 0.005418277702 13.011363154643
0.000692000000 0.005431294719 13.022669892561
0.000693000000 0.005444323038 13.033965903238
0.000694000000 0.005457362647 13.045251207884
0.000695000000 0.005470413537 13.056525827652
0.000696000000 0.005483475696 13.067789783638
0.000697000000 0.005496549113 13.079043096882
0.000698000000 0.005509633778 13.090285788368
0.000699000000 0.005522729681 13.101517879026
0.000700000000 0.005535836810 13.112739389728
0.000701000000 0.005548955156 13.123950341291
0.000702000000 0.005562084708 13.135150754478
0.000703000000 0.005575225454 13.146340649995
0.000704000000 0.005588377385 13.157520048494
0.000705000000 0.005601540491 13.168688970571
0.000706000000 0.005614714760 13.179847436771
0.000707000000 0.005627900182 13.190995467579
0.000708000000 0.005641096747 13.202133083429
0.000709000000 0.005654304445 13.213260304700
0.000710000000 0.005667523264 13.224377151717
0.000711000000 0.005680753196 13.235483644751
0.000712000000 0.005693994228 13.246579804019
0.000713000000 0.005707246352 13.257665649685
0.000714000000 0.005720509556 13.268741201859
0.000715000000 0.005733783831 13.279806480597
0.000716000000 0.005747069166 13.290861505903
0.000717000000 0.005760365551 13.301906297728
0.000718000000 0.005773672975 13.312940875969
0.000719000000 0.005786991429 13.323965260472
0.000720000000 0.005800320902 13.334979471028
0.000721000000 0.005813661384 13.345983527378
0.000722000000 0.005827012866 13.356977449209
0.000723000000 0.005840375336 13.367961256158
0.000724000000 0.005853748785 13.378934967807
0.000725000000 0.005867133203 13.389898603690
0.000726000000 0.005880528579 13.400852183285
0.000727000000 0.005893934904 13.411795726023
0.000728000000 0.005907352167 13.422729251279
0.000729000000 0.005920780359 13.433652778381
0.000730000000 0.005934219469 13.444566326604
0.000731000000 0.005947669488 13.455469915171
0.000732000000 0.005961130406 13.466363563257
0.000733000000 0.005974602212 13.477247289985
0.000734000000 0.005988084897 13.488121114426
0.000735000000 0.006001578451 13.498985055602
0.000736000000 0.006015082864 13.509839132487
0.000737000000 0.006028598126 13.520683364002
0.000738000000 0.006042124227 13.531517769018
0.000739000000 0.006055661158 13.542342366359
0.000740000000 0.006069208909 13.553157174796
0.000741000000 0.006082767469 13.563962213054
0.000742000000 0.006096336830 13.574757499807
0.000743000000 0.006109916981 13.585543053679
0.000744000000 0.006123507913 13.596318893246
0.000745000000 0.006137109615 13.607085037036
0.000746000000 0.006150722080 13.617841503526
0.000747000000 0.006164345295 13.628588311147
0.000748000000 0.006177979253 13.639325478280
0.000749000000 0.006191623943 13.650053023259
0.000750000000 0.006205279356 13.660770964367
0.000751000000 0.006218945482 13.671479319842
0.000752000000 0.006232622311 13.682178107874
0.000753000000 0.006246309835 13.692867346603
0.000754000000 0.006260008043 13.703547054124
0.000755000000 0.006273716926 13.714217248483
0.000756000000 0.006287436474 13.724877947679
0.000757000000 0.006301166678 13.735529169664
0.000758000000 0.006314907529 13.746170932343
0.000759000000 0.006328659017 13.756803253574
0.000760000000 0.006342421133 13.767426151169
0.000761000000 0.006356193866 13.778039642893
0.000762000000 0.006369977209 13.788643746463
0.000763000000 0.006383771151 13.799238479552
0.000764000000 0.006397575683 13.809823859786
0.000765000000 0.006411390795 13.820399904745
0.000766000000 0.006425216479 13.830966631962
0.000767000000 0.006439052725 13.841524058926
0.000768000000 0.006452899524 13.852072203080
0.000769000000 0.006466756867 13.862611081820
0.000770000000 0.006480624743 13.873140712498
0.000771000000 0.006494503145 13.883661112420
0.000772000000 0.006508392063 13.894172298849
0.000773000000 0.006522291487 13.904674289000
0.000774000000 0.006536201408 13.915167100046
0.000775000000 0.006550121818 13.925650749112
0.000776000000 0.006564052707 13.936125253282
0.000777000000 0.006577994065 13.946590629594
0.000778000000 0.006591945885 13.957046895041
0.000779000000 0.006605908156 13.967494066573
0.000780000000 0.006619880870 13.977932161096
0.000781000000 0.006633864017 13.988361195470
0.000782000000 0.006647857589 13.998781186515
0.000783000000 0.006661861577 14.009192151004
0.000784000000 0.006675875971 14.019594105669
0.000785000000 0.006689900762 14.029987067196
0.000786000000 0.006703935942 14.040371052230
0.000787000000 0.006717981501 14.050746077372
0.000788000000 0.006732037431 14.061112159180
0.000789000000 0.006746103722 14.071469314170
0.000790000000 0.006760180367 14.081817558814
0.000791000000 0.006774267355 14.092156909542
0.000792000000 0.006788364677 14.102487382742
0.000793000000 0.006802472326 14.112808994758
0.000794000000 0.006816590292 14.123121761895
0.000795000000 0.006830718567 14.133425700412
0.000796000000 0.006844857141 14.143720826530
0.000797000000 0.006859006006 14.154007156424
0.000798000000 0.006873165152 14.164284706231
0.000799000000 0.006887334572 14.174553492045
0.000800000000 0.006901514256 14.184813529918
0.000801000000 0.006915704196 14.195064835860
0.000802000000 0.006929904383 14.205307425843
0.000803000000 0.006944114808 14.215541315794
0.000804000000 0.006958335463 14.225766521603
0.000805000000 0.006972566338 14.235983059115
0.000806000000 0.006986807426 14.246190944138
0.000807000000 0.007001058717 14.256390192436
0.000808000000 0.007015320204 14.266580819736
0.000809000000 0.007029591876 14.276762841723
0.000810000000 0.007043873726 14.286936274041
0.000811000000 0.007058165746 14.297101132295
0.000812000000 0.007072467926 14.307257432049
0.000813000000 0.007086780258 14.317405188830
0.000814000000 0.007101102733 14.327544418121
0.000815000000 0.007115435344 14.337675135368
0.000816000000 0.007129778081 14.347797355977
0.000817000000 0.007144130936 14.357911095316
0.000818000000 0.007158493900 14.368016368711
0.000819000000 0.007172866966 14.378113191450
0.000820000000 0.007187250124 14.388201578784
0.000821000000 0.007201643366 14.398281545922
0.000822000000 0.007216046684 14.408353108036
0.000823000000 0.007230460069 14.418416280258
0.000824000000 0.007244883514 14.428471077684
0.000825000000 0.007259317009 14.438517515369
0.000826000000 0.007273760546 14.448555608330
0.000827000000 0.007288214117 14.458585371548
0.000828000000 0.007302677714 14.468606819963
0.000829000000 0.007317151328 14.478619968478
0.000830000000 0.007331634951 14.488624831960
0.000831000000 0.007346128575 14.498621425236
0.000832000000 0.007360632191 14.508609763096
0.000833000000 0.007375145792 14.518589860293
0.000834000000 0.007389669368 14.528561731542
0.000835000000 0.007404202913 14.538525391520
0.000836000000 0.007418746416 14.548480854869
0.000837000000 0.007433299872 14.558428136193
0.000838000000 0.007447863270 14.568367250057
0.000839000000 0.007462436603 14.578298210992
0.000840000000 0.007477019864 14.588221033491
0.000841000000 0.007491613043 14.598135732011
0.000842000000 0.007506216132 14.608042320972
0.000843000000 0.007520829125 14.617940814756
0.000844000000 0.007535452011 14.627831227712
0.000845000000 0.007550084784 14.637713574151
0.000846000000 0.007564727436 14.647587868348
0.000847000000 0.007579379957 14.657454124542
0.000848000000 0.007594042341 14.667312356935
0.000849000000 0.007608714579 14.677162579697
0.000850000000 0.007623396664 14.687004806958
0.000851000000 0.007638088586 14.696839052816
0.000852000000 0.007652790339 14.706665331330
0.000853000000 0.007667501914 14.716483656527
0.000854000000 0.007682223304 14.726294042397
0.000855000000 0.007696954500 14.736096502896
0.000856000000 0.007711695494 14.745891051943
0.000857000000 0.007726446279 14.755677703425
0.000858000000 0.007741206847 14.765456471191
0.000859000000 0.007755977190 14.775227369059
0.000860000000 0.007770757299 14.784990410808
0.000861000000 0.007785547168 14.794745610187
0.000862000000 0.007800346788 14.804492980907
0.000863000000 0.007815156151 14.814232536648
0.000864000000 0.007829975250 14.823964291053
0.000865000000 0.007844804077 14.833688257732
0.000866000000 0.007859642624 14.843404450262
0.000867000000 0.007874490884 14.853112882185
0.000868000000 0.007889348847 14.862813567008
0.000869000000 0.007904216508 14.872506518208
0.000870000000 0.007919093858 14.882191749226
0.000871000000 0.007933980889 14.891869273469
0.000872000000 0.007948877594 14.901539104312
0.000873000000 0.007963783965 14.911201255096
0.000874000000 0.007978699994 14.920855739130
0.000875000000 0.007993625674 14.930502569688
0.000876000000 0.008008560996 14.940141760014
0.000877000000 0.008023505955 14.949773323315
0.000878000000 0.008038460541 14.959397272769
0.000879000000 0.008053424747 14.969013621519
0.000880000000 0.008068398565 14.978622382678
0.000881000000 0.008083381989 14.988223569323
0.000882000000 0.008098375010 14.997817194502
0.000883000000 0.008113377621 15.007403271229
0.000884000000 0.008128389814 15.016981812485
0.000885000000 0.008143411582 15.026552831222
0.000886000000 0.008158442917 15.036116340357
0.000887000000 0.008173483812 15.045672352776
0.000888000000 0.008188534259 15.055220881334
0.000889000000 0.008203594251 15.064761938854
0.000890000000 0.008218663781 15.074295538127
0.000891000000 0.008233742840 15.083821691912
0.000892000000 0.008248831422 15.093340412939
0.000893000000 0.008263929518 15.102851713903
0.000894000000 0.008279037122 15.112355607471
0.000895000000 0.008294154227 15.121852106278
0.000896000000 0.008309280824 15.131341222927
0.000897000000 0.008324416907 15.140822969991
0.000898000000 0.008339562468 15.150297360012
0.000899000000 0.008354717499 15.159764405500
0.000900000000 0.008369881994 15.169224118938
0.000901000000 0.008385055945 15.178676512774
0.000902000000 0.008400239345 15.188121599428
0.000903000000 0.008415432186 15.197559391289
0.000904000000 0.008430634461 15.206989900716
0.000905000000 0.008445846163 15.216413140037
0.000906000000 0.008461067285 15.225829121552
0.000907000000 0.008476297819 15.235237857529
0.000908000000 0.008491537758 15.244639360206
0.000909000000 0.008506787095 15.254033641792
0.000910000000 0.008522045823 15.263420714467
0.000911000000 0.008537313934 15.272800590378
0.000912000000 0.008552591422 15.282173281648
0.000913000000 0.008567878279 15.291538800364
0.000914000000 0.008583174497 15.300897158590
0.000915000000 0.008598480070 15.310248368355
0.000916000000 0.008613794991 15.319592441663
0.000917000000 0.008629119253 15.328929390488
0.000918000000 0.008644452848 15.338259226772
0.000919000000 0.008659795769 15.347581962432
0.000920000000 0.008675148009 15.356897609353
0.000921000000 0.008690509562 15.366206179394
0.000922000000 0.008705880419 15.375507684384
0.000923000000 0.008721260575 15.384802136123
0.000924000000 0.008736650021 15.394089546382
0.000925000000 0.008752048752 15.403369926905
0.000926000000 0.008767456759 15.412643289407
0.000927000000 0.008782874036 15.421909645575
0.000928000000 0.008798300576 15.431169007067
0.000929000000 0.008813736372 15.440421385514
0.000930000000 0.008829181416 15.449666792518
0.000931000000 0.008844635703 15.458905239653
0.000932000000 0.008860099224 15.468136738468
0.000933000000 0.008875571974 15.477361300479
0.000934000000 0.008891053945 15.486578937178
0.000935000000 0.008906545130 15.495789660030
0.000936000000 0.008922045522 15.504993480470
0.000937000000 0.008937555114 15.514190409906
0.000938000000 0.008953073900 15.523380459720
0.000939000000 0.008968601873 15.532563641266
0.000940000000 0.008984139025 15.541739965870
0.000941000000 0.008999685351 15.550909444833
0.000942000000 0.009015240842 15.560072089427
0.000943000000 0.009030805492 15.569227910897
0.000944000000 0.009046379295 15.578376920463
0.000945000000 0.009061962244 15.587519129316
0.000946000000 0.009077554331 15.596654548622
0.000947000000 0.009093155551 15.605783189519
0.000948000000 0.009108765896 15.614905063119
0.000949000000 0.009124385359 15.624020180508
0.000950000000 0.009140013934 15.633128552745
0.000951000000 0.009155651614 15.642230190863
0.000952000000 0.009171298392 15.651325105869
0.000953000000 0.009186954262 15.660413308743
0.000954000000 0.009202619216 15.669494810439
0.000955000000 0.009218293249 15.678569621886
0.000956000000 0.009233976353 15.687637753986
0.000957000000 0.009249668522 15.696699217615
0.000958000000 0.009265369749 15.705754023625
0.000959000000 0.009281080028 15.714802182840
0.000960000000 0.009296799352 15.723843706060
0.000961000000 0.009312527713 15.732878604059
0.000962000000 0.009328265107 15.741906887585
0.000963000000 0.009344011525 15.750928567361
0.000964000000 0.009359766962 15.759943654084
0.000965000000 0.009375531410 15.768952158428
0.000966000000 0.009391304864 15.777954091038
0.000967000000 0.009407087316 15.786949462538
0.000968000000 0.009422878760 15.795938283524
0.000969000000 0.009438679190 15.804920564569
0.000970000000 0.009454488599 15.813896316219
0.000971000000 0.009470306981 15.822865548996
0.000972000000 0.009486134328 15.831828273400
0.000973000000 0.009501970635 15.840784499902
0.000974000000 0.009517815895 15.849734238950
0.000975000000 0.009533670102 15.858677500969
0.000976000000 0.009549533248 15.867614296359
0.000977000000 0.009565405328 15.876544635493
0.000978000000 0.009581286335 15.885468528723
0.000979000000 0.009597176263 15.894385986375
0.000980000000 0.009613075105 15.903297018751
0.000981000000 0.009628982855 15.912201636130
0.000982000000 0.009644899506 15.921099848766
0.000983000000 0.009660825052 15.929991666888
0.000984000000 0.009676759487 15.938877100704
0.000985000000 0.009692702804 15.947756160396
0.000986000000 0.009708654997 15.956628856121
0.000987000000 0.009724616060 15.965495198017
0.000988000000 0.009740585986 15.974355196193
0.000989000000 0.009756564768 15.983208860738
0.000990000000 0.009772552401 15.992056201716
0.000991000000 0.009788548879 16.000897229168
0.000992000000 0.009804554194 16.009731953113
0.000993000000 0.009820568340 16.018560383543
0.000994000000 0.009836591312 16.027382530432
0.000995000000 0.009852623103 16.036198403726
0.000996000000 0.009868663707 16.045008013351
0.000997000000 0.009884713117 16.053811369208
0.000998000000 0.009900771328 16.062608481178
0.000999000000 0.009916838332 16.071399359115
